0.000000 0.005000 
 0.001830 0.010000 
 0.001830 0.015000 
 0.005491 0.020000 
 0.005491 0.025000 
 0.009151 0.030000 
 0.010981 0.035000 
 0.010981 0.040000 
 0.014642 0.045000 
 0.014642 0.050000 
 0.016472 0.055000 
 0.020132 0.060000 
 0.020132 0.065000 
 0.021962 0.070000 
 0.025623 0.075000 
 0.025623 0.080000 
 0.027453 0.085000 
 0.029283 0.090000 
 0.031113 0.095000 
 0.032944 0.100000 
 0.034774 0.105000 
 0.036604 0.110000 
 0.036604 0.115000 
 0.040264 0.120000 
 0.042095 0.125000 
 0.042095 0.130000 
 0.045755 0.135000 
 0.045755 0.140000 
 0.047585 0.145000 
 0.051246 0.150000 
 0.051246 0.155000 
 0.053076 0.160000 
 0.056736 0.165000 
 0.056736 0.170000 
 0.058566 0.175000 
 0.060397 0.180000 
 0.062227 0.185000 
 0.064057 0.190000 
 0.065887 0.195000 
 0.067717 0.200000 
 0.067717 0.205000 
 0.071378 0.210000 
 0.073208 0.215000 
 0.073208 0.220000 
 0.076868 0.225000 
 0.078699 0.230000 
 0.080529 0.235000 
 0.082359 0.240000 
 0.082359 0.245000 
 0.086019 0.250000 
 0.087850 0.255000 
 0.087850 0.260000 
 0.091510 0.265000 
 0.091510 0.270000 
 0.093340 0.275000 
 0.097001 0.280000 
 0.097001 0.285000 
 0.098831 0.290000 
 0.102491 0.295000 
 0.102491 0.300000 
 0.104321 0.305000 
 0.106152 0.310000 
 0.107982 0.315000 
 0.109812 0.320000 
 0.111642 0.325000 
 0.113472 0.330000 
 0.113472 0.335000 
 0.117133 0.340000 
 0.118963 0.345000 
 0.118963 0.350000 
 0.122623 0.355000 
 0.122623 0.360000 
 0.126284 0.365000 
 0.128114 0.370000 
 0.128114 0.375000 
 0.131774 0.380000 
 0.131774 0.385000 
 0.133605 0.390000 
 0.137265 0.395000 
 0.137265 0.400000 
 0.139095 0.405000 
 0.142756 0.410000 
 0.142756 0.415000 
 0.144586 0.420000 
 0.148246 0.425000 
 0.148246 0.430000 
 0.150076 0.435000 
 0.151907 0.440000 
 0.153737 0.445000 
 0.155567 0.450000 
 0.157397 0.455000 
 0.159227 0.460000 
 0.159227 0.465000 
 0.162888 0.470000 
 0.164718 0.475000 
 0.164718 0.480000 
 0.168378 0.485000 
 0.168378 0.490000 
 0.170209 0.495000 
 0.173869 0.500000 
 0.173869 0.505000 
 0.175699 0.510000 
 0.179360 0.515000 
 0.179360 0.520000 
 0.181190 0.525000 
 0.183020 0.530000 
 0.184850 0.535000 
 0.186680 0.540000 
 0.188511 0.545000 
 0.190341 0.550000 
 0.190341 0.555000 
 0.194001 0.560000 
 0.195831 0.565000 
 0.195831 0.570000 
 0.199492 0.575000 
 0.199492 0.580000 
 0.203152 0.585000 
 0.204982 0.590000 
 0.204982 0.595000 
 0.208643 0.600000 
 0.208643 0.605000 
 0.210473 0.610000 
 0.214133 0.615000 
 0.214133 0.620000 
 0.215964 0.625000 
 0.219624 0.630000 
 0.219624 0.635000 
 0.221454 0.640000 
 0.225115 0.645000 
 0.225115 0.650000 
 0.226945 0.655000 
 0.228775 0.660000 
 0.230605 0.665000 
 0.232435 0.670000 
 0.234266 0.675000 
 0.236096 0.680000 
 0.236096 0.685000 
 0.239756 0.690000 
 0.241586 0.695000 
 0.241586 0.700000 
 0.245247 0.705000 
 0.245247 0.710000 
 0.248907 0.714999 
 0.250737 0.719999 
 0.250737 0.724999 
 0.254398 0.729999 
 0.254398 0.734999 
 0.256228 0.739999 
 0.259888 0.744999 
 0.259888 0.749999 
 0.261719 0.754999 
 0.265379 0.759999 
 0.265379 0.764999 
 0.267209 0.769999 
 0.269039 0.774999 
 0.270870 0.779999 
 0.272700 0.784999 
 0.274530 0.789999 
 0.276360 0.794999 
 0.276360 0.799999 
 0.280021 0.804999 
 0.281851 0.809999 
 0.281851 0.814999 
 0.285511 0.819999 
 0.287341 0.824999 
 0.287341 0.829999 
 0.291002 0.834999 
 0.291002 0.839999 
 0.292832 0.844999 
 0.296492 0.849999 
 0.296492 0.854999 
 0.298323 0.859999 
 0.301983 0.864999 
 0.301983 0.869999 
 0.303813 0.874999 
 0.305643 0.879999 
 0.307474 0.884999 
 0.309304 0.889999 
 0.311134 0.894999 
 0.312964 0.899999 
 0.312964 0.904999 
 0.316625 0.909999 
 0.318455 0.914999 
 0.320285 0.919999 
 0.322115 0.924999 
 0.322115 0.929999 
 0.325776 0.934999 
 0.327606 0.939999 
 0.327606 0.944999 
 0.331266 0.949999 
 0.331266 0.954999 
 0.333096 0.959999 
 0.336757 0.964999 
 0.336757 0.969999 
 0.338587 0.974999 
 0.342247 0.979999 
 0.342247 0.984999 
 0.344078 0.989999 
 0.345908 0.994999 
 0.347738 0.999999 
 0.349568 1.004999 
 0.351398 1.004999 
 0.349568 1.004999 
 0.351398 1.004999 
 0.349568 1.004999 
 0.351398 1.004999 
 0.349568 1.004999 
 0.351398 1.004999 
 0.349568 1.004999 
 0.351398 1.004999 
 0.349568 1.004999 
 0.351398 1.004999 
 0.349568 1.004999 
 0.351398 1.004999 
 0.349568 1.004999 
 0.351398 1.004999 
 0.349568 1.004999 
 0.351398 1.004999 
 0.349568 1.004999 
 0.351398 1.004999 
 0.349568 1.004999 
 0.351398 1.004999 
 0.349568 1.004999 
 0.351398 1.004999 
 0.349568 1.004999 
 0.351398 1.004999 
 0.349568 1.004999 
 0.351398 1.004999 
 0.349568 1.004999 
 0.351398 1.004999 
 0.349568 1.004999 
 0.351398 1.004999 
 0.349568 1.004999 
 0.351398 1.004999 
 0.349568 1.004999 
 0.351398 1.004999 
 0.349568 1.004999 
 0.351398 1.004999 
 0.349568 1.004999 
 0.351398 1.004999 
 0.349568 1.004999 
 0.351398 1.004999 
 0.349568 1.004999 
 0.351398 1.004999 
 0.349568 1.004999 
 0.351398 1.004999 
 0.349568 1.004999 
 0.351398 1.004999 
 0.349568 1.004999 
 0.351398 1.004999 
 0.349568 1.004999 
 0.351398 1.004999 
 0.349568 1.004999 
 0.351398 1.004999 
 0.349568 1.004999 
 0.351398 1.004999 
 0.349568 1.004999 
 0.351398 1.004999 
 0.349568 1.004999 
 0.351398 1.004999 
 0.349568 1.004999 
 0.351398 1.004999 
 0.349568 1.004999 
 0.351398 1.004999 
 0.349568 1.004999 
 0.351398 1.004999 
 0.349568 1.004999 
 0.351398 1.004999 
 0.349568 1.004999 
 0.351398 1.004999 
 0.349568 1.004999 
 0.351398 1.004999 
 0.349568 1.004999 
 0.351398 1.004999 
 0.349568 1.004999 
 0.351398 1.004999 
 0.349568 1.004999 
 0.351398 1.004999 
 0.349568 1.004999 
 0.351398 1.004999 
 0.349568 1.004999 
 0.351398 1.004999 
 0.349568 1.004999 
 0.351398 1.004999 
 0.349568 1.004999 
 0.351398 1.004999 
 0.349568 1.004999 
 0.351398 1.004999 
 0.349568 1.004999 
 0.351398 1.004999 
 0.349568 1.004999 
 0.351398 1.004999 
 0.349568 1.004999 
 0.351398 1.004999 
 0.349568 1.004999 
 0.351398 1.004999 
 0.349568 1.004999 
 0.351398 1.004999 
 0.349568 1.004999 
 0.351398 1.004999 
 0.349568 1.004999 
 0.351398 1.004999 
 0.349568 1.004999 
 0.351398 1.004999 
 0.349568 1.004999 
 0.351398 1.004999 
 0.349568 1.004999 
 0.351398 1.004999 
 0.349568 1.004999 
 0.351398 1.004999 
 0.349568 1.004999 
 0.351398 1.004999 
 0.349568 1.004999 
 0.351398 1.004999 
 0.349568 1.004999 
 0.351398 1.004999 
 0.349568 1.004999 
 0.351398 1.004999 
 0.349568 1.004999 
 0.351398 1.004999 
 0.349568 1.004999 
 0.351398 1.004999 
 0.349568 1.004999 
 0.351398 1.004999 
 0.349568 1.004999 
 0.351398 1.004999 
 0.349568 1.004999 
 0.351398 1.004999 
 0.349568 1.004999 
 0.351398 1.004999 
 0.349568 1.004999 
 0.351398 1.004999 
 0.349568 1.004999 
 0.351398 1.004999 
 0.349568 1.004999 
 0.351398 1.004999 
 0.349568 1.004999 
 0.351398 1.004999 
 0.349568 1.004999 
 0.351398 1.004999 
 0.349568 1.004999 
 0.351398 1.004999 
 0.349568 1.004999 
 0.351398 1.004999 
 0.349568 1.004999 
 0.351398 1.004999 
 0.349568 1.004999 
 0.351398 1.004999 
 0.349568 1.004999 
 0.351398 1.004999 
 0.349568 1.004999 
 0.351398 1.004999 
 0.349568 1.004999 
 0.351398 1.004999 
 0.349568 1.004999 
 0.351398 1.004999 
 0.349568 1.004999 
 0.351398 1.004999 
 0.349568 1.004999 
 0.351398 1.004999 
 0.349568 1.004999 
 0.351398 1.004999 
 0.349568 1.004999 
 0.351398 1.004999 
 0.349568 1.004999 
 0.351398 1.004999 
 0.349568 1.004999 
 0.351398 1.004999 
 0.349568 1.004999 
 0.351398 1.004999 
 0.349568 1.004999 
 0.351398 1.004999 
 0.349568 1.004999 
 0.351398 1.004999 
 0.349568 1.004999 
 0.351398 1.004999 
 0.349568 1.004999 
 0.351398 1.004999 
 0.349568 1.004999 
 0.351398 1.004999 
 0.349568 1.004999 
 0.351398 1.004999 
 0.349568 1.004999 
 0.351398 1.004999 
 0.349568 1.004999 
 0.351398 1.004999 
 0.349568 1.004999 
 0.351398 1.004999 
 0.349568 1.004999 
 0.351398 1.004999 
 0.349568 1.004999 
 0.351398 1.004999 
 0.349568 1.004999 
 0.351398 1.004999 
 0.349568 1.004999 
 0.351398 1.004999 
 0.349568 1.004999 
 0.351398 1.004999 
 0.349568 1.004999 
 0.351398 1.004999 
 0.349568 1.004999 
 0.351398 1.004999 
 0.349568 1.004999 
 0.351398 1.004999 
 0.349568 1.004999 
 0.351398 1.004999 
 0.349568 1.004999 
 0.351398 1.004999 
 0.349568 1.004999 
 0.351398 1.004999 
 0.349568 1.004999 
 0.351398 1.004999 
 0.349568 1.004999 
 0.351398 1.004999 
 0.349568 1.004999 
 0.351398 1.004999 
 0.349568 1.004999 
 0.351398 1.004999 
 0.349568 1.004999 
 0.351398 1.004999 
 0.349568 1.004999 
 0.351398 1.004999 
 0.349568 1.004999 
 0.351398 1.004999 
 0.349568 1.004999 
 0.351398 1.004999 
 0.349568 1.004999 
 0.351398 1.004999 
 0.349568 1.004999 
 0.351398 1.004999 
 0.349568 1.004999 
 0.351398 1.004999 
 0.349568 1.004999 
 0.351398 1.004999 
 0.349568 1.004999 
 0.351398 1.004999 
 0.349568 1.004999 
 0.351398 1.004999 
 0.349568 1.004999 
 0.351398 1.004999 
 0.349568 1.004999 
 0.351398 1.004999 
 0.349568 1.004999 
 0.351398 1.004999 
 0.349568 1.004999 
 0.351398 1.004999 
 0.349568 1.004999 
 0.351398 1.004999 
 0.349568 1.004999 
 0.351398 1.004999 
 0.349568 1.004999 
 0.351398 1.004999 
 0.349568 1.004999 
 0.351398 1.004999 
 0.349568 1.004999 
 0.351398 1.004999 
 0.349568 1.004999 
 0.351398 1.004999 
 0.349568 1.004999 
 0.351398 1.004999 
 0.349568 1.004999 
 0.351398 1.004999 
 0.349568 1.004999 
 0.351398 1.004999 
 0.349568 1.004999 
 0.351398 1.004999 
 0.349568 1.004999 
 0.351398 1.004999 
 0.349568 1.004999 
 0.351398 1.004999 
 0.349568 1.004999 
 0.351398 1.004999 
 0.349568 1.004999 
 0.351398 1.004999 
 0.349568 1.004999 
 0.351398 1.004999 
 0.349568 1.004999 
 0.351398 1.004999 
 0.349568 1.004999 
 0.351398 1.004999 
 0.349568 1.004999 
 0.351398 1.004999 
 0.349568 1.004999 
 0.351398 1.004999 
 0.349568 1.004999 
 0.351398 1.004999 
 0.349568 1.004999 
 0.351398 1.004999 
 0.349568 1.004999 
 0.351398 1.004999 
 0.349568 1.004999 
 0.351398 1.004999 
 0.349568 1.004999 
 0.351398 1.004999 
 0.349568 1.004999 
 0.351398 1.004999 
 0.349568 1.004999 
 0.351398 1.004999 
 0.349568 1.004999 
 0.351398 1.004999 
 0.349568 1.004999 
 0.351398 1.004999 
 0.349568 1.004999 
 0.351398 1.004999 
 0.349568 1.004999 
 0.351398 1.004999 
 0.349568 1.004999 
 0.351398 1.004999 
 0.349568 1.004999 
 0.351398 1.004999 
 0.349568 1.004999 
 0.351398 1.004999 
 0.349568 1.004999 
 0.351398 1.004999 
 0.349568 1.004999 
 0.351398 1.004999 
 0.349568 1.004999 
 0.351398 1.004999 
 0.349568 1.004999 
 0.351398 1.004999 
 0.349568 1.004999 
 0.351398 1.004999 
 0.349568 1.004999 
 0.351398 1.004999 
 0.349568 1.004999 
 0.351398 1.004999 
 0.349568 1.004999 
 0.351398 1.004999 
 0.349568 1.004999 
 0.351398 1.004999 
 0.349568 1.004999 
 0.351398 1.004999 
 0.349568 1.004999 
 0.351398 1.004999 
 0.349568 1.004999 
 0.351398 1.004999 
 0.349568 1.004999 
 0.351398 1.004999 
 0.349568 1.004999 
 0.351398 1.004999 
 0.349568 1.004999 
 0.351398 1.004999 
 0.349568 1.004999 
 0.351398 1.004999 
 0.349568 1.004999 
 0.351398 1.004999 
 0.349568 1.004999 
 0.351398 1.004999 
 0.349568 1.004999 
 0.351398 1.004999 
 0.349568 1.004999 
 0.351398 1.004999 
 0.349568 1.004999 
 0.351398 1.004999 
 0.349568 1.004999 
 0.351398 1.004999 
 0.349568 1.004999 
 0.351398 1.004999 
 0.349568 1.004999 
 0.351398 1.004999 
 0.349568 1.004999 
 0.351398 1.004999 
 0.349568 1.004999 
 0.351398 1.004999 
 0.349568 1.004999 
 0.351398 1.004999 
 0.349568 1.004999 
 0.351398 1.004999 
 0.349568 1.004999 
 0.351398 1.004999 
 0.349568 1.004999 
 0.351398 1.004999 
 0.349568 1.004999 
 0.351398 1.004999 
 0.349568 1.004999 
 0.351398 1.004999 
 0.349568 1.004999 
 0.351398 1.004999 
 0.349568 1.004999 
 0.351398 1.004999 
 0.349568 1.004999 
 0.351398 1.004999 
 0.349568 1.004999 
 0.351398 1.004999 
 0.349568 1.004999 
 0.351398 1.004999 
 0.349568 1.004999 
 0.351398 1.004999 
 0.349568 1.004999 
 0.351398 1.004999 
 0.349568 1.004999 
 0.351398 1.004999 
 0.349568 1.004999 
 0.351398 1.004999 
 0.349568 1.004999 
 0.351398 1.004999 
 0.349568 1.004999 
 0.351398 1.004999 
 0.349568 1.004999 
 0.351398 1.004999 
 0.349568 1.004999 
 0.351398 1.004999 
 0.349568 1.004999 
 0.351398 1.004999 
 0.349568 1.004999 
 0.351398 1.004999 
 0.349568 1.004999 
 0.351398 1.004999 
 0.349568 1.004999 
 0.351398 1.004999 
 0.349568 1.004999 
 0.351398 1.004999 
 0.349568 1.004999 
 0.351398 1.004999 
 0.349568 1.004999 
 0.351398 1.004999 
 0.349568 1.004999 
 0.351398 1.004999 
 0.349568 1.004999 
 0.351398 1.004999 
 0.349568 1.004999 
 0.351398 1.004999 
 0.349568 1.004999 
 0.351398 1.004999 
 0.349568 1.004999 
 0.351398 1.004999 
 0.349568 1.004999 
 0.351398 1.004999 
 0.349568 1.004999 
 0.351398 1.004999 
 0.349568 1.004999 
 0.351398 1.004999 
 0.349568 1.004999 
 0.351398 1.004999 
 0.349568 1.004999 
 0.351398 1.004999 
 0.349568 1.004999 
 0.351398 1.004999 
 0.349568 1.004999 
 0.351398 1.004999 
 0.349568 1.004999 
 0.351398 1.004999 
 0.349568 1.004999 
 0.351398 1.004999 
 0.349568 1.004999 
 0.351398 1.004999 
 0.349568 1.004999 
 0.351398 1.004999 
 0.349568 1.004999 
 0.351398 1.004999 
 0.349568 1.004999 
 0.351398 1.004999 
 0.349568 1.004999 
 0.351398 1.004999 
 0.349568 1.004999 
 0.351398 1.004999 
 0.349568 1.004999 
 0.351398 1.004999 
 0.349568 1.004999 
 0.351398 1.004999 
 0.349568 1.004999 
 0.351398 1.004999 
 0.349568 1.004999 
 0.351398 1.004999 
 0.349568 1.004999 
 0.351398 1.004999 
 0.349568 1.004999 
 0.351398 1.004999 
 0.349568 1.004999 
 0.351398 1.004999 
 0.349568 1.004999 
 0.351398 1.004999 
 0.349568 1.004999 
 0.351398 1.004999 
 0.349568 1.004999 
 0.351398 1.004999 
 0.349568 1.004999 
 0.351398 1.004999 
 0.349568 1.004999 
 0.351398 1.004999 
 0.349568 1.004999 
 0.351398 1.004999 
 0.349568 1.004999 
 0.351398 1.004999 
 0.349568 1.004999 
 0.351398 1.004999 
 0.349568 1.004999 
 0.351398 1.004999 
 0.349568 1.004999 
 0.351398 1.004999 
 0.349568 1.004999 
 0.351398 1.004999 
 0.349568 1.004999 
 0.351398 1.004999 
 0.349568 1.004999 
 0.351398 1.004999 
 0.349568 1.004999 
 0.351398 1.004999 
 0.349568 1.004999 
 0.351398 1.004999 
 0.349568 1.004999 
 0.351398 1.004999 
 0.349568 1.004999 
 0.351398 1.004999 
 0.349568 1.004999 
 0.351398 1.004999 
 0.349568 1.004999 
 0.351398 1.004999 
 0.349568 1.004999 
 0.351398 1.004999 
 0.349568 1.004999 
 0.351398 1.004999 
 0.349568 1.004999 
 0.351398 1.004999 
 0.349568 1.004999 
 0.351398 1.004999 
 0.349568 1.004999 
 0.351398 1.004999 
 0.349568 1.004999 
 0.351398 1.004999 
 0.349568 1.004999 
 0.351398 1.004999 
 0.349568 1.004999 
 0.351398 1.004999 
 0.349568 1.004999 
 0.351398 1.004999 
 0.349568 1.004999 
 0.351398 1.004999 
 0.349568 1.004999 
 0.351398 1.004999 
 0.349568 1.004999 
 0.351398 1.004999 
 0.349568 1.004999 
 0.351398 1.004999 
 0.349568 1.004999 
 0.351398 1.004999 
 0.349568 1.004999 
 0.351398 1.004999 
 0.349568 1.004999 
 0.351398 1.004999 
 0.349568 1.004999 
 0.351398 1.004999 
 0.349568 1.004999 
 0.351398 1.004999 
 0.349568 1.004999 
 0.351398 1.004999 
 0.349568 1.004999 
 0.351398 1.004999 
 0.349568 1.004999 
 0.351398 1.004999 
 0.349568 1.004999 
 0.351398 1.004999 
 0.349568 1.004999 
 0.351398 1.004999 
 0.349568 1.004999 
 0.351398 1.004999 
 0.349568 1.004999 
 0.351398 1.004999 
 0.349568 1.004999 
 0.351398 1.004999 
 0.349568 1.004999 
 0.351398 1.004999 
 0.349568 1.004999 
 0.351398 1.004999 
 0.349568 1.004999 
 0.351398 1.004999 
 0.349568 1.004999 
 0.351398 1.004999 
 0.349568 1.004999 
 0.351398 1.004999 
 0.349568 1.004999 
 0.351398 1.004999 
 0.349568 1.004999 
 0.351398 1.004999 
 0.349568 1.004999 
 0.351398 1.004999 
 0.349568 1.004999 
 0.351398 1.004999 
 0.349568 1.004999 
 0.351398 1.004999 
 0.349568 1.004999 
 0.351398 1.004999 
 0.349568 1.004999 
 0.351398 1.004999 
 0.349568 1.004999 
 0.351398 1.004999 
 0.349568 1.004999 
 0.351398 1.004999 
 0.349568 1.004999 
 0.351398 1.004999 
 0.349568 1.004999 
 0.351398 1.004999 
 0.349568 1.004999 
 0.351398 1.004999 
 0.349568 1.004999 
 0.351398 1.004999 
 0.349568 1.004999 
 0.351398 1.004999 
 0.349568 1.004999 
 0.351398 1.004999 
 0.349568 1.004999 
 0.351398 1.004999 
 0.349568 1.004999 
 0.351398 1.004999 
 0.349568 1.004999 
 0.351398 1.004999 
 0.349568 1.004999 
 0.351398 1.004999 
 0.349568 1.004999 
 0.351398 1.004999 
 0.349568 1.004999 
 0.351398 1.004999 
 0.349568 1.004999 
 0.351398 1.004999 
 0.349568 1.004999 
 0.351398 1.004999 
 0.349568 1.004999 
 0.351398 1.004999 
 0.349568 1.004999 
 0.351398 1.004999 
 0.349568 1.004999 
 0.351398 1.004999 
 0.349568 1.004999 
 0.351398 1.004999 
 0.349568 1.004999 
 0.351398 1.004999 
 0.349568 1.004999 
 0.351398 1.004999 
 0.349568 1.004999 
 0.351398 1.004999 
 0.349568 1.004999 
 0.351398 1.004999 
 0.349568 1.004999 
 0.351398 1.004999 
 0.349568 1.004999 
 0.351398 1.004999 
 0.349568 1.004999 
 0.351398 1.004999 
 0.349568 1.004999 
 0.351398 1.004999 
 0.349568 1.004999 
 0.351398 1.004999 
 0.349568 1.004999 
 0.351398 1.004999 
 0.349568 1.004999 
 0.351398 1.004999 
 0.349568 1.004999 
 0.351398 1.004999 
 0.349568 1.004999 
 0.351398 1.004999 
 0.349568 1.004999 
 0.351398 1.004999 
 0.349568 1.004999 
 0.351398 1.004999 
 0.349568 1.004999 
 0.351398 1.004999 
 0.349568 1.004999 
 0.351398 1.004999 
 0.349568 1.004999 
 0.351398 1.004999 
 0.349568 1.004999 
 0.351398 1.004999 
 0.349568 1.004999 
 0.351398 1.004999 
 0.349568 1.004999 
 0.351398 1.004999 
 0.349568 1.004999 
 0.351398 1.004999 
 0.349568 1.004999 
 0.351398 1.004999 
 0.349568 1.004999 
 0.351398 1.004999 
 0.349568 1.004999 
 0.351398 1.004999 
 0.349568 1.004999 
 0.351398 1.004999 
 0.349568 1.004999 
 0.351398 1.004999 
 0.349568 1.004999 
 0.351398 1.004999 
 0.349568 1.004999 
 0.351398 1.004999 
 0.349568 1.004999 
 0.351398 1.004999 
 0.349568 1.004999 
 0.351398 1.004999 
 0.349568 1.004999 
 0.351398 1.004999 
 0.349568 1.004999 
 0.351398 1.004999 
 0.349568 1.004999 
 0.351398 1.004999 
 0.349568 1.004999 
 0.351398 1.004999 
 0.349568 1.004999 
 0.351398 1.004999 
 0.349568 1.004999 
 0.351398 1.004999 
 0.349568 1.004999 
 0.351398 1.004999 
 0.349568 1.004999 
 0.351398 1.004999 
 0.349568 1.004999 
 0.351398 1.004999 
 0.349568 1.004999 
 0.351398 1.004999 
 0.349568 1.004999 
 0.351398 1.004999 
 0.349568 1.004999 
 0.351398 1.004999 
 0.349568 1.004999 
 0.351398 1.004999 
 0.349568 1.004999 
 0.351398 1.004999 
 0.349568 1.004999 
 0.351398 1.004999 
 0.349568 1.004999 
 0.351398 1.004999 
 0.349568 1.004999 
 0.351398 1.004999 
 0.349568 1.004999 
 0.351398 1.004999 
 0.349568 1.004999 
 0.351398 1.004999 
 0.349568 1.004999 
 0.351398 1.004999 
 0.349568 1.004999 
 0.351398 1.004999 
 0.349568 1.004999 
 0.351398 1.004999 
 0.349568 1.004999 
 0.351398 1.004999 
 0.349568 1.004999 
 0.351398 1.004999 
 0.349568 1.004999 
 0.351398 1.004999 
 0.349568 1.004999 
 0.351398 1.004999 
 0.349568 1.004999 
 0.351398 1.004999 
 0.349568 1.004999 
 0.351398 1.004999 
 0.349568 1.004999 
 0.351398 1.004999 
 0.349568 1.004999 
 0.351398 1.004999 
 0.349568 1.004999 
 0.351398 1.004999 
 0.349568 1.004999 
 0.351398 1.004999 
 0.349568 1.004999 
 0.351398 1.004999 
 0.349568 1.004999 
 0.351398 1.004999 
 0.349568 1.004999 
 0.351398 1.004999 
 0.349568 1.004999 
 0.351398 1.004999 
 0.349568 1.004999 
 0.351398 1.004999 
 0.349568 1.004999 
 0.351398 1.004999 
 0.349568 1.004999 
 0.351398 1.004999 
 0.349568 1.004999 
 0.351398 1.004999 
 0.349568 1.004999 
 0.351398 1.004999 
 0.349568 1.004999 
 0.351398 1.004999 
 0.349568 1.004999 
 0.351398 1.004999 
 0.349568 1.004999 
 0.351398 1.004999 
 0.349568 1.004999 
 0.351398 1.004999 
 0.349568 1.004999 
 0.351398 1.004999 
 0.349568 1.004999 
 0.351398 1.004999 
 0.349568 1.004999 
 0.351398 1.004999 
 0.349568 1.004999 
 0.351398 1.004999 
 0.349568 1.004999 
 0.351398 1.004999 
 0.349568 1.004999 
 0.351398 1.004999 
 0.349568 1.004999 
 0.351398 1.004999 
 0.349568 1.004999 
 0.351398 1.004999 
 0.349568 1.004999 
 0.351398 1.004999 
 0.349568 1.004999 
 0.351398 1.004999 
 0.349568 1.004999 
 0.351398 1.004999 
 0.349568 1.004999 
 0.351398 1.004999 
 0.349568 1.004999 
 0.351398 1.004999 
 0.349568 1.004999 
 0.351398 1.004999 
 0.349568 1.004999 
 0.351398 1.004999 
 0.349568 1.004999 
 0.351398 1.004999 
 0.349568 1.004999 
 0.351398 1.004999 
 0.349568 1.004999 
 0.351398 1.004999 
 0.349568 1.004999 
 0.351398 1.004999 
 0.349568 1.004999 
 0.351398 1.004999 
 0.349568 1.004999 
 0.351398 1.004999 
 0.349568 1.004999 
 0.351398 1.004999 
 0.349568 1.004999 
 0.351398 1.004999 
 0.349568 1.004999 
 0.351398 1.004999 
 0.349568 1.004999 
 0.351398 1.004999 
 0.349568 1.004999 
 0.351398 1.004999 
 0.349568 1.004999 
 0.351398 1.004999 
 0.349568 1.004999 
 0.351398 1.004999 
 0.349568 1.004999 
 0.351398 1.004999 
 0.349568 1.004999 
 0.351398 1.004999 
 0.349568 1.004999 
 0.351398 1.004999 
 0.349568 1.004999 
 0.351398 1.004999 
 0.349568 1.004999 
 0.351398 1.004999 
 0.349568 1.004999 
 0.351398 1.004999 
 0.349568 1.004999 
 0.351398 1.004999 
 0.349568 1.004999 
 0.351398 1.004999 
 0.349568 1.004999 
 0.351398 1.004999 
 0.349568 1.004999 
 0.351398 1.004999 
 0.349568 1.004999 
 0.351398 1.004999 
 0.349568 1.004999 
 0.351398 1.004999 
 0.349568 1.004999 
 0.351398 1.004999 
 0.349568 1.004999 
 0.351398 1.004999 
 0.349568 1.004999 
 0.351398 1.004999 
 0.349568 1.004999 
 0.351398 1.004999 
 0.349568 1.004999 
 0.351398 1.004999 
 0.349568 1.004999 
 0.351398 1.004999 
 0.349568 1.004999 
 0.351398 1.004999 
 0.349568 1.004999 
 0.351398 1.004999 
 0.349568 1.004999 
 0.351398 1.004999 
 0.349568 1.004999 
 0.351398 1.004999 
 0.349568 1.004999 
 0.351398 1.004999 
 0.349568 1.004999 
 0.351398 1.004999 
 0.349568 1.004999 
 0.351398 1.004999 
 0.349568 1.004999 
 0.351398 1.004999 
 0.349568 1.004999 
 0.351398 1.004999 
 0.349568 1.004999 
 0.351398 1.004999 
 0.349568 1.004999 
 0.351398 1.004999 
 0.349568 1.004999 
 0.351398 1.004999 
 0.349568 1.004999 
 0.351398 1.004999 
 0.349568 1.004999 
 0.351398 1.004999 
 0.349568 1.004999 
 0.351398 1.004999 
 0.349568 1.004999 
 0.351398 1.004999 
 0.349568 1.004999 
 0.351398 1.004999 
 0.349568 1.004999 
 0.351398 1.004999 
 0.349568 1.004999 
 0.351398 1.004999 
 0.349568 1.004999 
 0.351398 1.004999 
 0.349568 1.004999 
 0.351398 1.004999 
 0.349568 1.004999 
 0.351398 1.004999 
 0.349568 1.004999 
 0.351398 1.004999 
 0.349568 1.004999 
 0.351398 1.004999 
 0.349568 1.004999 
 0.351398 1.004999 
 0.349568 1.004999 
 0.351398 1.004999 
 0.349568 1.004999 
 0.351398 1.004999 
 0.349568 1.004999 
 0.351398 1.004999 
 0.349568 1.004999 
 0.351398 1.004999 
 0.349568 1.004999 
 0.351398 1.004999 
 0.349568 1.004999 
 0.351398 1.004999 
 0.349568 1.004999 
 0.351398 1.004999 
 0.349568 1.004999 
 0.351398 1.004999 
 0.349568 1.004999 
 0.351398 1.004999 
 0.349568 1.004999 
 0.351398 1.004999 
 0.349568 1.004999 
 0.351398 1.004999 
 0.349568 1.004999 
 0.351398 1.004999 
 0.349568 1.004999 
 0.351398 1.004999 
 0.349568 1.004999 
 0.351398 1.004999 
 0.349568 1.004999 
 0.351398 1.004999 
 0.349568 1.004999 
 0.351398 1.004999 
 0.349568 1.004999 
 0.351398 1.004999 
 0.349568 1.004999 
 0.351398 1.004999 
 0.349568 1.004999 
 0.351398 1.004999 
 0.349568 1.004999 
 0.351398 1.004999 
 0.349568 1.004999 
 0.351398 1.004999 
 0.349568 1.004999 
 0.351398 1.004999 
 0.349568 1.004999 
 0.351398 1.004999 
 0.349568 1.004999 
 0.351398 1.004999 
 0.349568 1.004999 
 0.351398 1.004999 
 0.349568 1.004999 
 0.351398 1.004999 
 0.349568 1.004999 
 0.351398 1.004999 
 0.349568 1.004999 
 0.351398 1.004999 
 0.349568 1.004999 
 0.351398 1.004999 
 0.349568 1.004999 
 0.351398 1.004999 
 0.349568 1.004999 
 0.351398 1.004999 
 0.349568 1.004999 
 0.351398 1.004999 
 0.349568 1.004999 
 0.351398 1.004999 
 0.349568 1.004999 
 0.351398 1.004999 
 0.349568 1.004999 
 0.351398 1.004999 
 0.349568 1.004999 
 0.351398 1.004999 
 0.349568 1.004999 
 0.351398 1.004999 
 0.349568 1.004999 
 0.351398 1.004999 
 0.349568 1.004999 
 0.351398 1.004999 
 0.349568 1.004999 
 0.351398 1.004999 
 0.349568 1.004999 
 0.351398 1.004999 
 0.349568 1.004999 
 0.351398 1.004999 
 0.349568 1.004999 
 0.351398 1.004999 
 0.349568 1.004999 
 0.351398 1.004999 
 0.349568 1.004999 
 0.351398 1.004999 
 0.349568 1.004999 
 0.351398 1.004999 
 0.349568 1.004999 
 0.351398 1.004999 
 0.349568 1.004999 
 0.351398 1.004999 
 0.349568 1.004999 
 0.351398 1.004999 
 0.349568 1.004999 
 0.351398 1.004999 
 0.349568 1.004999 
 0.351398 1.004999 
 0.349568 1.004999 
 0.351398 1.004999 
 0.349568 1.004999 
 0.351398 1.004999 
 0.349568 1.004999 
 0.351398 1.004999 
 0.349568 1.004999 
 0.351398 1.004999 
 0.349568 1.004999 
 0.351398 1.004999 
 0.349568 1.004999 
 0.351398 1.004999 
 0.349568 1.004999 
 0.351398 1.004999 
 0.349568 1.004999 
 0.351398 1.004999 
 0.349568 1.004999 
 0.351398 1.004999 
 0.349568 1.004999 
 0.351398 1.004999 
 0.349568 1.004999 
 0.351398 1.004999 
 0.349568 1.004999 
 0.351398 1.004999 
 0.349568 1.004999 
 0.351398 1.004999 
 0.349568 1.004999 
 0.351398 1.004999 
 0.349568 1.004999 
 0.351398 1.004999 
 0.349568 1.004999 
 0.351398 1.004999 
 0.349568 1.004999 
 0.351398 1.004999 
 0.349568 1.004999 
 0.351398 1.004999 
 0.349568 1.004999 
 0.351398 1.004999 
 0.349568 1.004999 
 0.351398 1.004999 
 0.349568 1.004999 
 0.351398 1.004999 
 0.349568 1.004999 
 0.351398 1.004999 
 0.349568 1.004999 
 0.351398 1.004999 
 0.349568 1.004999 
 0.351398 1.004999 
 0.349568 1.004999 
 0.351398 1.004999 
 0.349568 1.004999 
 0.351398 1.004999 
 0.349568 1.004999 
 0.351398 1.004999 
 0.349568 1.004999 
 0.351398 1.004999 
 0.349568 1.004999 
 0.351398 1.004999 
 0.349568 1.004999 
 0.351398 1.004999 
 0.349568 1.004999 
 0.351398 1.004999 
 0.349568 1.004999 
 0.351398 1.004999 
 0.349568 1.004999 
 0.351398 1.004999 
 0.349568 1.004999 
 0.351398 1.004999 
 0.349568 1.004999 
 0.351398 1.004999 
 0.349568 1.004999 
 0.351398 1.004999 
 0.349568 1.004999 
 0.351398 1.004999 
 0.349568 1.004999 
 0.351398 1.004999 
 0.349568 1.004999 
 0.351398 1.004999 
 0.349568 1.004999 
 0.351398 1.004999 
 0.349568 1.004999 
 0.351398 1.004999 
 0.349568 1.004999 
 0.351398 1.004999 
 0.349568 1.004999 
 0.351398 1.004999 
 0.349568 1.004999 
 0.351398 1.004999 
 0.349568 1.004999 
 0.351398 1.004999 
 0.349568 1.004999 
 0.351398 1.004999 
 0.349568 1.004999 
 0.351398 1.004999 
 0.349568 1.004999 
 0.351398 1.004999 
 0.349568 1.004999 
 0.351398 1.004999 
 0.349568 1.004999 
 0.351398 1.004999 
 0.349568 1.004999 
 0.351398 1.004999 
 0.349568 1.004999 
 0.351398 1.004999 
 0.349568 1.004999 
 0.351398 1.004999 
 0.349568 1.004999 
 0.351398 1.004999 
 0.349568 1.004999 
 0.351398 1.004999 
 0.349568 1.004999 
 0.351398 1.004999 
 0.349568 1.004999 
 0.351398 1.004999 
 0.349568 1.004999 
 0.351398 1.004999 
 0.349568 1.004999 
 0.351398 1.004999 
 0.349568 1.004999 
 0.351398 1.004999 
 0.349568 1.004999 
 0.351398 1.004999 
 0.349568 1.004999 
 0.351398 1.004999 
 0.349568 1.004999 
 0.351398 1.004999 
 0.349568 1.004999 
 0.351398 1.004999 
 0.349568 1.004999 
 0.351398 1.004999 
 0.349568 1.004999 
 0.351398 1.004999 
 0.349568 1.004999 
 0.351398 1.004999 
 0.349568 1.004999 
 0.351398 1.004999 
 0.349568 1.004999 
 0.351398 1.004999 
 0.349568 1.004999 
 0.351398 1.004999 
 0.349568 1.004999 
 0.351398 1.004999 
 0.349568 1.004999 
 0.351398 1.004999 
 0.349568 1.004999 
 0.351398 1.004999 
 0.349568 1.004999 
 0.351398 1.004999 
 0.349568 1.004999 
 0.351398 1.004999 
 0.349568 1.004999 
 0.351398 1.004999 
 0.349568 1.004999 
 0.351398 1.004999 
 0.349568 1.004999 
 0.351398 1.004999 
 0.349568 1.004999 
 0.351398 1.004999 
 0.349568 1.004999 
 0.351398 1.004999 
 0.349568 1.004999 
 0.351398 1.004999 
 0.349568 1.004999 
 0.351398 1.004999 
 0.349568 1.004999 
 0.351398 1.004999 
 0.349568 1.004999 
 0.351398 1.004999 
 0.349568 1.004999 
 0.351398 1.004999 
 0.349568 1.004999 
 0.351398 1.004999 
 0.349568 1.004999 
 0.351398 1.004999 
 0.349568 1.004999 
 0.351398 1.004999 
 0.349568 1.004999 
 0.351398 1.004999 
 0.349568 1.004999 
 0.351398 1.004999 
 0.349568 1.004999 
 0.351398 1.004999 
 0.349568 1.004999 
 0.351398 1.004999 
 0.349568 1.004999 
 0.351398 1.004999 
 0.349568 1.004999 
 0.351398 1.004999 
 0.349568 1.004999 
 0.351398 1.004999 
 0.349568 1.004999 
 0.351398 1.004999 
 0.349568 1.004999 
 0.351398 1.004999 
 0.349568 1.004999 
 0.351398 1.004999 
 0.349568 1.004999 
 0.351398 1.004999 
 0.349568 1.004999 
 0.351398 1.004999 
 0.349568 1.004999 
 0.351398 1.004999 
 0.349568 1.004999 
 0.351398 1.004999 
 0.349568 1.004999 
 0.351398 1.004999 
 0.349568 1.004999 
 0.351398 1.004999 
 0.349568 1.004999 
 0.351398 1.004999 
 0.349568 1.004999 
 0.351398 1.004999 
 0.349568 1.004999 
 0.351398 1.004999 
 0.349568 1.004999 
 0.351398 1.004999 
 0.349568 1.004999 
 0.351398 1.004999 
 0.349568 1.004999 
 0.351398 1.004999 
 0.349568 1.004999 
 0.351398 1.004999 
 0.349568 1.004999 
 0.351398 1.004999 
 0.349568 1.004999 
 0.351398 1.004999 
 0.349568 1.004999 
 0.351398 1.004999 
 0.349568 1.004999 
 0.351398 1.004999 
 0.349568 1.004999 
 0.351398 1.004999 
 0.349568 1.004999 
 0.351398 1.004999 
 0.349568 1.004999 
 0.351398 1.004999 
 0.349568 1.004999 
 0.351398 1.004999 
 0.349568 1.004999 
 0.351398 1.004999 
 0.349568 1.004999 
 0.351398 1.004999 
 0.349568 1.004999 
 0.351398 1.004999 
 0.349568 1.004999 
 0.351398 1.004999 
 0.349568 1.004999 
 0.351398 1.004999 
 0.349568 1.004999 
 0.351398 1.004999 
 0.349568 1.004999 
 0.351398 1.004999 
 0.349568 1.004999 
 0.351398 1.004999 
 0.349568 1.004999 
 0.351398 1.004999 
 0.349568 1.004999 
 0.351398 1.004999 
 0.349568 1.004999 
 0.351398 1.004999 
 0.349568 1.004999 
 0.351398 1.004999 
 0.349568 1.004999 
 0.351398 1.004999 
 0.349568 1.004999 
 0.351398 1.004999 
 0.349568 1.004999 
 0.351398 1.004999 
 0.349568 1.004999 
 0.351398 1.004999 
 0.349568 1.004999 
 0.351398 1.004999 
 0.349568 1.004999 
 0.351398 1.004999 
 0.349568 1.004999 
 0.351398 1.004999 
 0.349568 1.004999 
 0.351398 1.004999 
 0.349568 1.004999 
 0.351398 1.004999 
 0.349568 1.004999 
 0.351398 1.004999 
 0.349568 1.004999 
 0.351398 1.004999 
 0.349568 1.004999 
 0.351398 1.004999 
 0.349568 1.004999 
 0.351398 1.004999 
 0.349568 1.004999 
 0.351398 1.004999 
 0.349568 1.004999 
 0.351398 1.004999 
 0.349568 1.004999 
 0.351398 1.004999 
 0.349568 1.004999 
 0.351398 1.004999 
 0.349568 1.004999 
 0.351398 1.004999 
 0.349568 1.004999 
 0.351398 1.004999 
 0.349568 1.004999 
 0.351398 1.004999 
 0.349568 1.004999 
 0.351398 1.004999 
 0.349568 1.004999 
 0.351398 1.004999 
 0.349568 1.004999 
 0.351398 1.004999 
 0.349568 1.004999 
 0.351398 1.004999 
 0.349568 1.004999 
 0.351398 1.004999 
 0.349568 1.004999 
 0.351398 1.004999 
 0.349568 1.004999 
 0.351398 1.004999 
 0.349568 1.004999 
 0.351398 1.004999 
 0.349568 1.004999 
 0.351398 1.004999 
 0.349568 1.004999 
 0.351398 1.004999 
 0.349568 1.004999 
 0.351398 1.004999 
 0.349568 1.004999 
 0.351398 1.004999 
 0.349568 1.004999 
 0.351398 1.004999 
 0.349568 1.004999 
 0.351398 1.004999 
 0.349568 1.004999 
 0.351398 1.004999 
 0.349568 1.004999 
 0.351398 1.004999 
 0.349568 1.004999 
 0.351398 1.004999 
 0.349568 1.004999 
 0.351398 1.004999 
 0.349568 1.004999 
 0.351398 1.004999 
 0.349568 1.004999 
 0.351398 1.004999 
 0.349568 1.004999 
 0.351398 1.004999 
 0.349568 1.004999 
 0.351398 1.004999 
 0.349568 1.004999 
 0.351398 1.004999 
 0.349568 1.004999 
 0.351398 1.004999 
 0.349568 1.004999 
 0.351398 1.004999 
 0.349568 1.004999 
 0.351398 1.004999 
 0.349568 1.004999 
 0.351398 1.004999 
 0.349568 1.004999 
 0.351398 1.004999 
 0.349568 1.004999 
 0.351398 1.004999 
 0.349568 1.004999 
 0.351398 1.004999 
 0.349568 1.004999 
 0.351398 1.004999 
 0.349568 1.004999 
 0.351398 1.004999 
 0.349568 1.004999 
 0.351398 1.004999 
 0.349568 1.004999 
 0.351398 1.004999 
 0.349568 1.004999 
 0.351398 1.004999 
 0.349568 1.004999 
 0.351398 1.004999 
 0.349568 1.004999 
 0.351398 1.004999 
 0.349568 1.004999 
 0.351398 1.004999 
 0.349568 1.004999 
 0.351398 1.004999 
 0.349568 1.004999 
 0.351398 1.004999 
 0.349568 1.004999 
 0.351398 1.004999 
 0.349568 1.004999 
 0.351398 1.004999 
 0.349568 1.004999 
 0.351398 1.004999 
 0.349568 1.004999 
 0.351398 1.004999 
 0.349568 1.004999 
 0.351398 1.004999 
 0.349568 1.004999 
 0.351398 1.004999 
 0.349568 1.004999 
 0.351398 1.004999 
 0.349568 1.004999 
 0.351398 1.004999 
 0.349568 1.004999 
 0.351398 1.004999 
 0.349568 1.004999 
 0.351398 1.004999 
 0.349568 1.004999 
 0.351398 1.004999 
 0.349568 1.004999 
 0.351398 1.004999 
 0.349568 1.004999 
 0.351398 1.004999 
 0.349568 1.004999 
 0.351398 1.004999 
 0.349568 1.004999 
 0.351398 1.004999 
 0.349568 1.004999 
 0.351398 1.004999 
 0.349568 1.004999 
 0.351398 1.004999 
 0.349568 1.004999 
 0.351398 1.004999 
 0.349568 1.004999 
 0.351398 1.004999 
 0.349568 1.004999 
 0.351398 1.004999 
 0.349568 1.004999 
 0.351398 1.004999 
 0.349568 1.004999 
 0.351398 1.004999 
 0.349568 1.004999 
 0.351398 1.004999 
 0.349568 1.004999 
 0.351398 1.004999 
 0.349568 1.004999 
 0.351398 1.004999 
 0.349568 1.004999 
 0.351398 1.004999 
 0.349568 1.004999 
 0.351398 1.004999 
 0.349568 1.004999 
 0.351398 1.004999 
 0.349568 1.004999 
 0.351398 1.004999 
 0.349568 1.004999 
 0.351398 1.004999 
 0.349568 1.004999 
 0.351398 1.004999 
 0.349568 1.004999 
 0.351398 1.004999 
 0.349568 1.004999 
 0.351398 1.004999 
 0.349568 1.004999 
 0.351398 1.004999 
 0.349568 1.004999 
 0.351398 1.004999 
 0.349568 1.004999 
 0.351398 1.004999 
 0.349568 1.004999 
 0.351398 1.004999 
 0.349568 1.004999 
 0.351398 1.004999 
 0.349568 1.004999 
 0.351398 1.004999 
 0.349568 1.004999 
 0.351398 1.004999 
 0.349568 1.004999 
 0.351398 1.004999 
 0.349568 1.004999 
 0.351398 1.004999 
 0.349568 1.004999 
 0.351398 1.004999 
 0.349568 1.004999 
 0.351398 1.004999 
 0.349568 1.004999 
 0.351398 1.004999 
 0.349568 1.004999 
 0.351398 1.004999 
 0.349568 1.004999 
 0.351398 1.004999 
 0.349568 1.004999 
 0.351398 1.004999 
 0.349568 1.004999 
 0.351398 1.004999 
 0.349568 1.004999 
 0.351398 1.004999 
 0.349568 1.004999 
 0.351398 1.004999 
 0.349568 1.004999 
 0.351398 1.004999 
 0.349568 1.004999 
 0.351398 1.004999 
 0.349568 1.004999 
 0.351398 1.004999 
 0.349568 1.004999 
 0.351398 1.004999 
 0.349568 1.004999 
 0.351398 1.004999 
 0.349568 1.004999 
 0.351398 1.004999 
 0.349568 1.004999 
 0.351398 1.004999 
 0.349568 1.004999 
 0.351398 1.004999 
 0.349568 1.004999 
 0.351398 1.004999 
 0.349568 1.004999 
 0.351398 1.004999 
 0.349568 1.004999 
 0.351398 1.004999 
 0.349568 1.004999 
 0.351398 1.004999 
 0.349568 1.004999 
 0.351398 1.004999 
 0.349568 1.004999 
 0.351398 1.004999 
 0.349568 1.004999 
 0.351398 1.004999 
 0.349568 1.004999 
 0.351398 1.004999 
 0.349568 1.004999 
 0.351398 1.004999 
 0.349568 1.004999 
 0.351398 1.004999 
 0.349568 1.004999 
 0.351398 1.004999 
 0.349568 1.004999 
 0.351398 1.004999 
 0.349568 1.004999 
 0.351398 1.004999 
 0.349568 1.004999 
 0.351398 1.004999 
 0.349568 1.004999 
 0.351398 1.004999 
 0.349568 1.004999 
 0.351398 1.004999 
 0.349568 1.004999 
 0.351398 1.004999 
 0.349568 1.004999 
 0.351398 1.004999 
 0.349568 1.004999 
 0.351398 1.004999 
 0.349568 1.004999 
 0.351398 1.004999 
 0.349568 1.004999 
 0.351398 1.004999 
 0.349568 1.004999 
 0.351398 1.004999 
 0.349568 1.004999 
 0.351398 1.004999 
 0.349568 1.004999 
 0.351398 1.004999 
 0.349568 1.004999 
 0.351398 1.004999 
 0.349568 1.004999 
 0.351398 1.004999 
 0.349568 1.004999 
 0.351398 1.004999 
 0.349568 1.004999 
 0.351398 1.004999 
 0.349568 1.004999 
 0.351398 1.004999 
 0.349568 1.004999 
 0.351398 1.004999 
 0.349568 1.004999 
 0.351398 1.004999 
 0.349568 1.004999 
 0.351398 1.004999 
 0.349568 1.004999 
 0.351398 1.004999 
 0.349568 1.004999 
 0.351398 1.004999 
 0.349568 1.004999 
 0.351398 1.004999 
 0.349568 1.004999 
 0.351398 1.004999 
 0.349568 1.004999 
 0.351398 1.004999 
 0.349568 1.004999 
 0.351398 1.004999 
 0.349568 1.004999 
 0.351398 1.004999 
 0.349568 1.004999 
 0.351398 1.004999 
 0.349568 1.004999 
 0.351398 1.004999 
 0.349568 1.004999 
 0.351398 1.004999 
 0.349568 1.004999 
 0.351398 1.004999 
 0.349568 1.004999 
 0.351398 1.004999 
 0.349568 1.004999 
 0.351398 1.004999 
 0.349568 1.004999 
 0.351398 1.004999 
 0.349568 1.004999 
 0.351398 1.004999 
 0.349568 1.004999 
 0.351398 1.004999 
 0.349568 1.004999 
 0.351398 1.004999 
 0.349568 1.004999 
 0.351398 1.004999 
 0.349568 1.004999 
 0.351398 1.004999 
 0.349568 1.004999 
 0.351398 1.004999 
 0.349568 1.004999 
 0.351398 1.004999 
 0.349568 1.004999 
 0.351398 1.004999 
 0.349568 1.004999 
 0.351398 1.004999 
 0.349568 1.004999 
 0.351398 1.004999 
 0.349568 1.004999 
 0.351398 1.004999 
 0.349568 1.004999 
 0.351398 1.004999 
 0.349568 1.004999 
 0.351398 1.004999 
 0.349568 1.004999 
 0.351398 1.004999 
 0.349568 1.004999 
 0.351398 1.004999 
 0.349568 1.004999 
 0.351398 1.004999 
 0.349568 1.004999 
 0.351398 1.004999 
 0.349568 1.004999 
 0.351398 1.004999 
 0.349568 1.004999 
 0.351398 1.004999 
 0.349568 1.004999 
 0.351398 1.004999 
 0.349568 1.004999 
 0.351398 1.004999 
 0.349568 1.004999 
 0.351398 1.004999 
 0.349568 1.004999 
 0.351398 1.004999 
 0.349568 1.004999 
 0.351398 1.004999 
 0.349568 1.004999 
 0.351398 1.004999 
 0.349568 1.004999 
 0.351398 1.004999 
 0.349568 1.004999 
 0.351398 1.004999 
 0.349568 1.004999 
 0.351398 1.004999 
 0.349568 1.004999 
 0.351398 1.004999 
 0.349568 1.004999 
 0.351398 1.004999 
 0.349568 1.004999 
 0.351398 1.004999 
 0.349568 1.004999 
 0.351398 1.004999 
 0.349568 1.004999 
 0.351398 1.004999 
 0.349568 1.004999 
 0.351398 1.004999 
 0.349568 1.004999 
 0.351398 1.004999 
 0.349568 1.004999 
 0.351398 1.004999 
 0.349568 1.004999 
 0.351398 1.004999 
 0.349568 1.004999 
 0.351398 1.004999 
 0.349568 1.004999 
 0.351398 1.004999 
 0.349568 1.004999 
 0.351398 1.004999 
 0.349568 1.004999 
 0.351398 1.004999 
 0.349568 1.004999 
 0.351398 1.004999 
 0.349568 1.004999 
 0.351398 1.004999 
 0.349568 1.004999 
 0.351398 1.004999 
 0.349568 1.004999 
 0.351398 1.004999 
 0.349568 1.004999 
 0.351398 1.004999 
 0.349568 1.004999 
 0.351398 1.004999 
 0.349568 1.004999 
 0.351398 1.004999 
 0.349568 1.004999 
 0.351398 1.004999 
 0.349568 1.004999 
 0.351398 1.004999 
 0.349568 1.004999 
 0.351398 1.004999 
 0.349568 1.004999 
 0.351398 1.004999 
 0.349568 1.004999 
 0.351398 1.004999 
 0.349568 1.004999 
 0.351398 1.004999 
 0.349568 1.004999 
 0.351398 1.004999 
 0.349568 1.004999 
 0.351398 1.004999 
 0.349568 1.004999 
 0.351398 1.004999 
 0.349568 1.004999 
 0.351398 1.004999 
 0.349568 1.004999 
 0.351398 1.004999 
 0.349568 1.004999 
 0.351398 1.004999 
 0.349568 1.004999 
 0.351398 1.004999 
 0.349568 1.004999 
 0.351398 1.004999 
 0.349568 1.004999 
 0.351398 1.004999 
 0.349568 1.004999 
 0.351398 1.004999 
 0.349568 1.004999 
 0.351398 1.004999 
 0.349568 1.004999 
 0.351398 1.004999 
 0.349568 1.004999 
 0.351398 1.004999 
 0.349568 1.004999 
 0.351398 1.004999 
 0.349568 1.004999 
 0.351398 1.004999 
 0.349568 1.004999 
 0.351398 1.004999 
 0.349568 1.004999 
 0.351398 1.004999 
 0.349568 1.004999 
 0.351398 1.004999 
 0.349568 1.004999 
 0.351398 1.004999 
 0.349568 1.004999 
 0.351398 1.004999 
 0.349568 1.004999 
 0.351398 1.004999 
 0.349568 1.004999 
 0.351398 1.004999 
 0.349568 1.004999 
 0.351398 1.004999 
 0.349568 1.004999 
 0.351398 1.004999 
 0.349568 1.004999 
 0.351398 1.004999 
 0.349568 1.004999 
 0.351398 1.004999 
 0.349568 1.004999 
 0.351398 1.004999 
 0.349568 1.004999 
 0.351398 1.004999 
 0.349568 1.004999 
 0.351398 1.004999 
 0.349568 1.004999 
 0.351398 1.004999 
 0.349568 1.004999 
 0.351398 1.004999 
 0.349568 1.004999 
 0.351398 1.004999 
 0.349568 1.004999 
 0.351398 1.004999 
 0.349568 1.004999 
 0.351398 1.004999 
 0.349568 1.004999 
 0.351398 1.004999 
 0.349568 1.004999 
 0.351398 1.004999 
 0.349568 1.004999 
 0.351398 1.004999 
 0.349568 1.004999 
 0.351398 1.004999 
 0.349568 1.004999 
 0.351398 1.004999 
 0.349568 1.004999 
 0.351398 1.004999 
 