0.000000 -0.002500 
 0.000000 -0.005000 
 0.000000 -0.007500 
 0.000000 -0.010000 
 0.000000 -0.012500 
 0.000000 -0.015000 
 -0.001830 -0.017500 
 -0.003660 -0.020000 
 -0.003660 -0.022500 
 -0.005491 -0.025000 
 -0.007321 -0.027500 
 -0.007321 -0.030000 
 -0.010981 -0.032500 
 -0.010981 -0.035000 
 -0.012811 -0.037500 
 -0.014642 -0.040000 
 -0.016472 -0.042500 
 -0.020132 -0.045000 
 -0.020132 -0.047500 
 -0.023793 -0.050000 
 -0.023793 -0.052500 
 -0.027453 -0.055000 
 -0.029283 -0.057500 
 -0.029283 -0.060000 
 -0.032944 -0.062500 
 -0.036604 -0.065000 
 -0.036604 -0.067500 
 -0.040264 -0.070000 
 -0.042095 -0.072500 
 -0.043925 -0.075000 
 -0.045755 -0.077500 
 -0.049415 -0.080000 
 -0.049415 -0.082500 
 -0.053076 -0.085000 
 -0.054906 -0.087500 
 -0.058566 -0.090000 
 -0.058566 -0.092500 
 -0.062227 -0.095000 
 -0.065887 -0.097500 
 -0.065887 -0.100000 
 -0.069548 -0.102500 
 -0.071378 -0.105000 
 -0.075038 -0.107500 
 -0.078699 -0.110000 
 -0.078699 -0.112500 
 -0.082359 -0.115000 
 -0.084189 -0.117500 
 -0.086019 -0.120000 
 -0.087850 -0.122500 
 -0.091510 -0.125000 
 -0.095170 -0.127500 
 -0.097001 -0.130000 
 -0.098831 -0.132500 
 -0.100661 -0.135000 
 -0.104321 -0.137500 
 -0.106152 -0.140000 
 -0.107982 -0.142500 
 -0.111642 -0.145000 
 -0.113472 -0.147500 
 -0.117133 -0.150000 
 -0.117133 -0.152500 
 -0.120793 -0.155000 
 -0.124454 -0.157500 
 -0.126284 -0.160000 
 -0.128114 -0.162500 
 -0.129944 -0.165000 
 -0.133605 -0.167500 
 -0.137265 -0.170000 
 -0.139095 -0.172500 
 -0.140925 -0.175000 
 -0.142756 -0.177500 
 -0.146416 -0.180000 
 -0.148246 -0.182500 
 -0.150076 -0.185000 
 -0.153737 -0.187500 
 -0.155567 -0.190000 
 -0.159227 -0.192500 
 -0.159227 -0.195000 
 -0.162888 -0.197500 
 -0.166548 -0.200000 
 -0.168378 -0.202500 
 -0.172039 -0.205000 
 -0.172039 -0.207500 
 -0.175699 -0.210000 
 -0.179360 -0.212500 
 -0.181190 -0.215000 
 -0.184850 -0.217500 
 -0.184850 -0.220000 
 -0.188511 -0.222500 
 -0.190341 -0.225000 
 -0.194001 -0.227500 
 -0.195831 -0.230000 
 -0.197662 -0.232500 
 -0.201322 -0.235000 
 -0.203152 -0.237500 
 -0.204982 -0.240000 
 -0.208643 -0.242500 
 -0.210473 -0.245000 
 -0.214133 -0.247500 
 -0.215964 -0.250000 
 -0.217794 -0.252500 
 -0.221454 -0.255000 
 -0.223284 -0.257500 
 -0.226945 -0.260000 
 -0.226945 -0.262500 
 -0.230605 -0.265000 
 -0.234266 -0.267500 
 -0.236096 -0.270000 
 -0.239756 -0.272500 
 -0.239756 -0.275000 
 -0.243417 -0.277500 
 -0.245247 -0.280000 
 -0.248907 -0.282500 
 -0.250737 -0.285000 
 -0.252568 -0.287500 
 -0.256228 -0.290000 
 -0.258058 -0.292500 
 -0.261719 -0.295000 
 -0.263549 -0.297500 
 -0.265379 -0.300000 
 -0.269039 -0.302500 
 -0.270870 -0.305000 
 -0.272700 -0.307500 
 -0.276360 -0.310000 
 -0.278190 -0.312500 
 -0.281851 -0.315000 
 -0.281851 -0.317500 
 -0.285511 -0.320000 
 -0.287341 -0.322500 
 -0.291002 -0.325000 
 -0.294662 -0.327500 
 -0.294662 -0.330000 
 -0.298323 -0.332500 
 -0.300153 -0.335000 
 -0.303813 -0.337500 
 -0.307474 -0.340000 
 -0.307474 -0.342500 
 -0.311134 -0.345000 
 -0.312964 -0.347500 
 -0.316625 -0.350000 
 -0.318455 -0.352500 
 -0.320285 -0.355000 
 -0.323945 -0.357500 
 -0.325776 -0.360000 
 -0.329436 -0.362500 
 -0.329436 -0.365000 
 -0.333096 -0.367500 
 -0.336757 -0.370000 
 -0.338587 -0.372500 
 -0.340417 -0.375000 
 -0.344078 -0.377500 
 -0.345908 -0.380000 
 -0.349568 -0.382500 
 -0.349568 -0.385000 
 -0.353229 -0.387500 
 -0.355059 -0.390000 
 -0.358719 -0.392500 
 -0.362380 -0.395000 
 -0.362380 -0.397500 
 -0.366040 -0.400000 
 -0.367870 -0.402500 
 -0.371531 -0.405000 
 -0.373361 -0.407500 
 -0.375191 -0.410000 
 -0.378851 -0.412500 
 -0.380682 -0.415000 
 -0.384342 -0.417500 
 -0.384342 -0.420000 
 -0.388002 -0.422500 
 -0.391663 -0.425000 
 -0.393493 -0.427500 
 -0.395323 -0.430000 
 -0.397153 -0.432500 
 -0.400814 -0.435000 
 -0.404474 -0.437500 
 -0.406304 -0.440000 
 -0.408135 -0.442500 
 -0.409965 -0.445000 
 -0.413625 -0.447500 
 -0.417286 -0.450000 
 -0.417286 -0.452500 
 -0.420946 -0.455000 
 -0.422776 -0.457500 
 -0.426437 -0.460000 
 -0.428267 -0.462500 
 -0.430097 -0.465000 
 -0.433757 -0.467500 
 -0.435588 -0.470000 
 -0.439248 -0.472500 
 -0.439248 -0.475000 
 -0.442908 -0.477500 
 -0.446569 -0.480000 
 -0.448399 -0.482500 
 -0.452059 -0.485000 
 -0.452059 -0.487500 
 -0.455720 -0.490000 
 -0.459380 -0.492500 
 -0.461210 -0.495000 
 -0.463041 -0.497500 
 -0.464871 -0.500000 
 -0.468531 -0.502500 
 -0.472192 -0.505000 
 -0.472192 -0.507500 
 -0.475852 -0.510000 
 -0.477682 -0.512500 
 -0.481343 -0.515000 
 -0.483173 -0.517500 
 -0.485003 -0.520000 
 -0.488663 -0.522500 
 -0.490494 -0.525000 
 -0.494154 -0.527500 
 -0.495984 -0.530000 
 -0.497814 -0.532500 
 -0.501475 -0.535000 
 -0.505135 -0.537500 
 -0.505135 -0.540000 
 -0.508796 -0.542500 
 -0.510626 -0.545000 
 -0.512456 -0.547500 
 -0.516116 -0.550000 
 -0.517947 -0.552500 
 -0.521607 -0.555000 
 -0.523437 -0.557500 
 -0.525267 -0.560000 
 -0.528928 -0.562500 
 -0.530758 -0.565000 
 -0.532588 -0.567500 
 -0.536249 -0.570000 
 -0.538079 -0.572500 
 -0.539909 -0.575000 
 -0.543569 -0.577500 
 -0.547230 -0.580000 
 -0.547230 -0.582500 
 -0.550890 -0.585000 
 -0.554551 -0.587500 
 -0.554551 -0.590000 
 -0.558211 -0.592500 
 -0.561871 -0.595000 
 -0.561871 -0.597500 
 -0.565532 -0.600000 
 -0.569192 -0.602500 
 -0.571022 -0.605000 
 -0.572853 -0.607500 
 -0.576513 -0.610000 
 -0.578343 -0.612500 
 -0.580173 -0.615000 
 -0.583834 -0.617500 
 -0.585664 -0.620000 
 -0.587494 -0.622500 
 -0.591155 -0.625000 
 -0.594815 -0.627500 
 -0.594815 -0.630000 
 -0.598475 -0.632500 
 -0.602136 -0.635000 
 -0.602136 -0.637500 
 -0.605796 -0.640000 
 -0.609457 -0.642500 
 -0.611287 -0.645000 
 -0.613117 -0.647500 
 -0.616777 -0.649999 
 -0.618608 -0.652499 
 -0.620438 -0.654999 
 -0.624098 -0.657499 
 -0.625928 -0.659999 
 -0.627759 -0.662499 
 -0.631419 -0.664999 
 -0.633249 -0.667499 
 -0.635079 -0.669999 
 -0.638740 -0.672499 
 -0.640570 -0.674999 
 -0.642400 -0.677499 
 -0.646061 -0.679999 
 -0.647891 -0.682499 
 -0.651551 -0.684999 
 -0.653381 -0.687499 
 -0.655212 -0.689999 
 -0.658872 -0.692499 
 -0.660702 -0.694999 
 -0.664363 -0.697499 
 -0.666193 -0.699999 
 -0.668023 -0.702499 
 -0.671683 -0.704999 
 -0.673514 -0.707499 
 -0.675344 -0.709999 
 -0.679004 -0.712499 
 -0.680834 -0.714999 
 -0.682665 -0.717499 
 -0.686325 -0.719999 
 -0.688155 -0.722499 
 -0.689985 -0.724999 
 -0.693646 -0.727499 
 -0.695476 -0.729999 
 -0.699136 -0.732499 
 -0.700967 -0.734999 
 -0.702797 -0.737499 
 -0.706457 -0.739999 
 -0.708287 -0.742499 
 -0.710118 -0.744999 
 -0.713778 -0.747499 
 -0.715608 -0.749999 
 -0.719269 -0.752499 
 -0.721099 -0.754999 
 -0.722929 -0.757499 
 -0.726589 -0.759999 
 -0.728420 -0.762499 
 -0.730250 -0.764999 
 -0.733910 -0.767499 
 -0.735740 -0.769999 
 -0.737571 -0.772499 
 -0.741231 -0.774999 
 -0.743061 -0.777499 
 -0.744891 -0.779999 
 -0.748552 -0.782499 
 -0.750382 -0.784999 
 -0.754042 -0.787499 
 -0.755873 -0.789999 
 -0.757703 -0.792499 
 -0.761363 -0.794999 
 -0.763193 -0.797499 
 -0.766854 -0.799999 
 -0.768684 -0.802499 
 -0.770514 -0.804999 
 -0.774175 -0.807499 
 -0.776005 -0.809999 
 -0.777835 -0.812499 
 -0.781495 -0.814999 
 -0.783326 -0.817499 
 -0.785156 -0.819999 
 -0.788816 -0.822499 
 -0.790646 -0.824999 
 -0.792477 -0.827499 
 -0.796137 -0.829999 
 -0.797967 -0.832499 
 -0.799797 -0.834999 
 -0.803458 -0.837499 
 -0.805288 -0.839999 
 -0.808948 -0.842499 
 -0.810779 -0.844999 
 -0.814439 -0.847499 
 -0.814439 -0.849999 
 -0.818099 -0.852499 
 -0.821760 -0.854999 
 -0.823590 -0.857499 
 -0.825420 -0.859999 
 -0.829081 -0.862499 
 -0.830911 -0.864999 
 -0.832741 -0.867499 
 -0.836401 -0.869999 
 -0.838232 -0.872499 
 -0.840062 -0.874999 
 -0.843722 -0.877499 
 -0.845552 -0.879999 
 -0.849213 -0.882499 
 -0.851043 -0.884999 
 -0.852873 -0.887499 
 -0.856534 -0.889999 
 -0.858364 -0.892499 
 -0.860194 -0.894999 
 -0.863854 -0.897499 
 -0.865685 -0.899999 
 -0.869345 -0.902499 
 -0.871175 -0.904999 
 -0.873005 -0.907499 
 -0.876666 -0.909999 
 -0.878496 -0.912499 
 -0.880326 -0.914999 
 -0.883987 -0.917499 
 -0.885817 -0.919999 
 -0.887647 -0.922499 
 -0.891307 -0.924999 
 -0.893138 -0.927499 
 -0.894968 -0.929999 
 -0.898628 -0.932499 
 -0.900458 -0.934999 
 -0.902289 -0.937499 
 -0.905949 -0.939999 
 -0.907779 -0.942499 
 -0.911440 -0.944999 
 -0.913270 -0.947499 
 -0.915100 -0.949999 
 -0.918760 -0.952499 
 -0.920591 -0.954999 
 -0.924251 -0.957499 
 -0.926081 -0.959999 
 -0.927911 -0.962499 
 -0.931572 -0.964999 
 -0.933402 -0.967499 
 -0.935232 -0.969999 
 -0.938893 -0.972499 
 -0.940723 -0.974999 
 -0.942553 -0.977499 
 -0.946213 -0.979999 
 -0.948044 -0.982499 
 -0.949874 -0.984999 
 -0.953534 -0.987499 
 -0.955364 -0.989999 
 -0.959025 -0.992499 
 -0.960855 -0.994999 
 -0.962685 -0.997499 
 -0.966346 -0.999999 
 -0.968176 -1.002499 
 -0.971836 -0.999999 
 -0.971836 -1.002499 
 -0.975497 -0.999999 
 -0.977327 -1.002499 
 -0.979157 -0.999999 
 -0.980987 -1.002499 
 -0.982817 -0.999999 
 -0.982817 -1.002499 
 -0.984648 -0.999999 
 -0.986478 -1.002499 
 -0.986478 -0.999999 
 -0.988308 -1.002499 
 -0.988308 -0.999999 
 -0.990138 -1.002499 
 -0.990138 -0.999999 
 -0.991968 -1.002499 
 -0.991968 -0.999999 
 -0.993799 -1.002499 
 -0.993799 -0.999999 
 -0.993799 -1.002499 
 -0.993799 -0.999999 
 -0.995629 -1.002499 
 -0.995629 -0.999999 
 -0.995629 -1.002499 
 -0.997459 -0.999999 
 -0.997459 -1.002499 
 -0.997459 -0.999999 
 -0.997459 -1.002499 
 -0.997459 -0.999999 
 -0.997459 -1.002499 
 -0.997459 -0.999999 
 -0.999289 -1.002499 
 -0.999289 -0.999999 
 -0.999289 -1.002499 
 -0.999289 -0.999999 
 -0.999289 -1.002499 
 -0.999289 -0.999999 
 -0.999289 -1.002499 
 -0.999289 -0.999999 
 -0.999289 -1.002499 
 -1.001119 -0.999999 
 -1.001119 -1.002499 
 -1.001119 -0.999999 
 -1.001119 -1.002499 
 -1.001119 -0.999999 
 -1.001119 -1.002499 
 -1.001119 -0.999999 
 -1.001119 -1.002499 
 -1.001119 -0.999999 
 -1.001119 -1.002499 
 -1.001119 -0.999999 
 -0.999289 -1.002499 
 -0.999289 -0.999999 
 -1.001119 -1.002499 
 -1.001119 -0.999999 
 -1.001119 -1.002499 
 -1.001119 -0.999999 
 -1.001119 -1.002499 
 -1.001119 -0.999999 
 -1.001119 -1.002499 
 -1.001119 -0.999999 
 -1.001119 -1.002499 
 -1.001119 -0.999999 
 -1.001119 -1.002499 
 -1.001119 -0.999999 
 -1.001119 -1.002499 
 -1.001119 -0.999999 
 -0.999289 -1.002499 
 -0.999289 -0.999999 
 -1.001119 -1.002499 
 -1.001119 -0.999999 
 -1.001119 -1.002499 
 -1.001119 -0.999999 
 -1.001119 -1.002499 
 -1.001119 -0.999999 
 -1.001119 -1.002499 
 -1.001119 -0.999999 
 -1.001119 -1.002499 
 -1.001119 -0.999999 
 -1.001119 -1.002499 
 -1.001119 -0.999999 
 -1.001119 -1.002499 
 -1.001119 -0.999999 
 -0.999289 -1.002499 
 -0.999289 -0.999999 
 -1.002950 -1.002499 
 -1.001119 -0.999999 
 -1.001119 -1.002499 
 -1.001119 -0.999999 
 -1.001119 -1.002499 
 -1.001119 -0.999999 
 -1.001119 -1.002499 
 -1.001119 -0.999999 
 -1.001119 -1.002499 
 -1.002950 -0.999999 
 -1.001119 -1.002499 
 -1.001119 -0.999999 
 -1.001119 -1.002499 
 -1.001119 -0.999999 
 -1.001119 -1.002499 
 -1.001119 -0.999999 
 -1.001119 -1.002499 
 -1.001119 -0.999999 
 -1.001119 -1.002499 
 -1.001119 -0.999999 
 -1.001119 -1.002499 
 -1.001119 -0.999999 
 -1.001119 -1.002499 
 -1.001119 -0.999999 
 -1.001119 -1.002499 
 -1.002950 -0.999999 
 -1.001119 -1.002499 
 -1.001119 -0.999999 
 -1.001119 -1.002499 
 -1.001119 -0.999999 
 -1.001119 -1.002499 
 -1.001119 -0.999999 
 -1.001119 -1.002499 
 -1.001119 -0.999999 
 -1.001119 -1.002499 
 -1.001119 -0.999999 
 -1.001119 -1.002499 
 -1.001119 -0.999999 
 -1.001119 -1.002499 
 -1.001119 -0.999999 
 -1.001119 -1.002499 
 -1.002950 -0.999999 
 -1.001119 -1.002499 
 -1.001119 -0.999999 
 -1.001119 -1.002499 
 -1.001119 -0.999999 
 -1.001119 -1.002499 
 -1.001119 -0.999999 
 -1.001119 -1.002499 
 -1.001119 -0.999999 
 -1.001119 -1.002499 
 -1.001119 -0.999999 
 -1.001119 -1.002499 
 -1.001119 -0.999999 
 -1.001119 -1.002499 
 -1.001119 -0.999999 
 -1.001119 -1.002499 
 -1.001119 -0.999999 
 -1.002950 -1.002499 
 -1.001119 -0.999999 
 -1.001119 -1.002499 
 -1.002950 -0.999999 
 -1.001119 -1.002499 
 -1.001119 -0.999999 
 -1.001119 -1.002499 
 -1.001119 -0.999999 
 -1.001119 -1.002499 
 -1.001119 -0.999999 
 -1.001119 -1.002499 
 -1.001119 -0.999999 
 -1.001119 -1.002499 
 -1.001119 -0.999999 
 -1.001119 -1.002499 
 -1.001119 -0.999999 
 -1.001119 -1.002499 
 -1.002950 -0.999999 
 -1.001119 -1.002499 
 -1.001119 -0.999999 
 -1.001119 -1.002499 
 -0.999289 -0.999999 
 -1.001119 -1.002499 
 -1.001119 -0.999999 
 -1.001119 -1.002499 
 -1.001119 -0.999999 
 -1.001119 -1.002499 
 -1.001119 -0.999999 
 -1.001119 -1.002499 
 -1.001119 -0.999999 
 -1.001119 -1.002499 
 -1.001119 -0.999999 
 -1.001119 -1.002499 
 -1.002950 -0.999999 
 -1.001119 -1.002499 
 -1.001119 -0.999999 
 -1.002950 -1.002499 
 -1.001119 -0.999999 
 -1.001119 -1.002499 
 -1.001119 -0.999999 
 -1.001119 -1.002499 
 -1.001119 -0.999999 
 -1.001119 -1.002499 
 -1.001119 -0.999999 
 -1.001119 -1.002499 
 -1.001119 -0.999999 
 -1.001119 -1.002499 
 -1.001119 -0.999999 
 -1.001119 -1.002499 
 -1.001119 -0.999999 
 -1.002950 -1.002499 
 -1.001119 -0.999999 
 -1.001119 -1.002499 
 -1.001119 -0.999999 
 -0.999289 -1.002499 
 -1.001119 -0.999999 
 -1.001119 -1.002499 
 -1.001119 -0.999999 
 -1.001119 -1.002499 
 -1.001119 -0.999999 
 -1.001119 -1.002499 
 -1.001119 -0.999999 
 -1.001119 -1.002499 
 -1.001119 -0.999999 
 -1.001119 -1.002499 
 -1.001119 -0.999999 
 -1.002950 -1.002499 
 -1.002950 -0.999999 
 -1.001119 -1.002499 
 -1.001119 -0.999999 
 -1.001119 -1.002499 
 -1.001119 -0.999999 
 -1.001119 -1.002499 
 -1.001119 -0.999999 
 -1.001119 -1.002499 
 -1.002950 -0.999999 
 -1.001119 -1.002499 
 -1.001119 -0.999999 
 -1.001119 -1.002499 
 -1.001119 -0.999999 
 -1.001119 -1.002499 
 -1.001119 -0.999999 
 -1.001119 -1.002499 
 -1.001119 -0.999999 
 -1.001119 -1.002499 
 -1.001119 -0.999999 
 -1.001119 -1.002499 
 -1.001119 -0.999999 
 -1.001119 -1.002499 
 -1.001119 -0.999999 
 -1.001119 -1.002499 
 -1.002950 -0.999999 
 -1.001119 -1.002499 
 -1.001119 -0.999999 
 -1.001119 -1.002499 
 -1.001119 -0.999999 
 -1.001119 -1.002499 
 -1.001119 -0.999999 
 -1.001119 -1.002499 
 -1.001119 -0.999999 
 -1.001119 -1.002499 
 -1.001119 -0.999999 
 -1.001119 -1.002499 
 -1.001119 -0.999999 
 -1.001119 -1.002499 
 -1.001119 -0.999999 
 -1.001119 -1.002499 
 -1.001119 -0.999999 
 -1.002950 -1.002499 
 -1.001119 -0.999999 
 -1.001119 -1.002499 
 -1.001119 -0.999999 
 -1.001119 -1.002499 
 -1.001119 -0.999999 
 -1.001119 -1.002499 
 -1.001119 -0.999999 
 -1.001119 -1.002499 
 -1.001119 -0.999999 
 -1.001119 -1.002499 
 -1.001119 -0.999999 
 -1.001119 -1.002499 
 -1.001119 -0.999999 
 -1.001119 -1.002499 
 -1.001119 -0.999999 
 -1.002950 -1.002499 
 -1.001119 -0.999999 
 -1.001119 -1.002499 
 -1.001119 -0.999999 
 -1.001119 -1.002499 
 -1.001119 -0.999999 
 -1.001119 -1.002499 
 -1.001119 -0.999999 
 -1.001119 -1.002499 
 -1.001119 -0.999999 
 -1.001119 -1.002499 
 -1.001119 -0.999999 
 -1.001119 -1.002499 
 -1.001119 -0.999999 
 -1.001119 -1.002499 
 -1.001119 -0.999999 
 -1.001119 -1.002499 
 -1.002950 -0.999999 
 -1.001119 -1.002499 
 -1.001119 -0.999999 
 -1.001119 -1.002499 
 -1.001119 -0.999999 
 -1.001119 -1.002499 
 -1.001119 -0.999999 
 -1.001119 -1.002499 
 -1.001119 -0.999999 
 -1.001119 -1.002499 
 -1.001119 -0.999999 
 -1.001119 -1.002499 
 -1.001119 -0.999999 
 -1.001119 -1.002499 
 -1.001119 -0.999999 
 -1.001119 -1.002499 
 -1.002950 -0.999999 
 -1.001119 -1.002499 
 -1.001119 -0.999999 
 -1.002950 -1.002499 
 -1.001119 -0.999999 
 -1.001119 -1.002499 
 -1.001119 -0.999999 
 -1.001119 -1.002499 
 -1.001119 -0.999999 
 -1.001119 -1.002499 
 -1.001119 -0.999999 
 -1.001119 -1.002499 
 -1.001119 -0.999999 
 -1.001119 -1.002499 
 -1.001119 -0.999999 
 -1.001119 -1.002499 
 -1.001119 -0.999999 
 -1.002950 -1.002499 
 -1.001119 -0.999999 
 -1.001119 -1.002499 
 -1.001119 -0.999999 
 -0.999289 -1.002499 
 -1.001119 -0.999999 
 -1.001119 -1.002499 
 -1.001119 -0.999999 
 -1.001119 -1.002499 
 -1.001119 -0.999999 
 -1.001119 -1.002499 
 -1.001119 -0.999999 
 -1.001119 -1.002499 
 -1.001119 -0.999999 
 -1.001119 -1.002499 
 -1.001119 -0.999999 
 -1.002950 -1.002499 
 -1.002950 -0.999999 
 -0.999289 -1.002499 
 -1.001119 -0.999999 
 -1.001119 -1.002499 
 -1.001119 -0.999999 
 -1.001119 -1.002499 
 -1.001119 -0.999999 
 -1.001119 -1.002499 
 -1.002950 -0.999999 
 -1.001119 -1.002499 
 -1.001119 -0.999999 
 -1.001119 -1.002499 
 -1.001119 -0.999999 
 -1.001119 -1.002499 
 -1.001119 -0.999999 
 -1.001119 -1.002499 
 -1.001119 -0.999999 
 -1.001119 -1.002499 
 -1.001119 -0.999999 
 -1.001119 -1.002499 
 -1.001119 -0.999999 
 -1.001119 -1.002499 
 -1.001119 -0.999999 
 -1.001119 -1.002499 
 -1.002950 -0.999999 
 -1.001119 -1.002499 
 -1.001119 -0.999999 
 -1.002950 -1.002499 
 -1.001119 -0.999999 
 -1.001119 -1.002499 
 -1.001119 -0.999999 
 -1.001119 -1.002499 
 -1.001119 -0.999999 
 -1.001119 -1.002499 
 -1.001119 -0.999999 
 -1.001119 -1.002499 
 -1.001119 -0.999999 
 -1.001119 -1.002499 
 -1.001119 -0.999999 
 -1.001119 -1.002499 
 -1.001119 -0.999999 
 -1.002950 -1.002499 
 -1.001119 -0.999999 
 -1.001119 -1.002499 
 -1.001119 -0.999999 
 -1.001119 -1.002499 
 -1.001119 -0.999999 
 -1.001119 -1.002499 
 -1.001119 -0.999999 
 -1.001119 -1.002499 
 -1.001119 -0.999999 
 -1.001119 -1.002499 
 -1.001119 -0.999999 
 -1.001119 -1.002499 
 -1.001119 -0.999999 
 -1.001119 -1.002499 
 -1.001119 -0.999999 
 -1.001119 -1.002499 
 -1.002950 -0.999999 
 -1.001119 -1.002499 
 -1.001119 -0.999999 
 -1.001119 -1.002499 
 -1.001119 -0.999999 
 -1.001119 -1.002499 
 -1.001119 -0.999999 
 -1.001119 -1.002499 
 -1.001119 -0.999999 
 -1.001119 -1.002499 
 -1.001119 -0.999999 
 -1.001119 -1.002499 
 -1.001119 -0.999999 
 -1.001119 -1.002499 
 -1.001119 -0.999999 
 -1.001119 -1.002499 
 -1.002950 -0.999999 
 -1.001119 -1.002499 
 -1.001119 -0.999999 
 -1.001119 -1.002499 
 -1.001119 -0.999999 
 -1.001119 -1.002499 
 -1.001119 -0.999999 
 -1.001119 -1.002499 
 -1.001119 -0.999999 
 -1.001119 -1.002499 
 -1.001119 -0.999999 
 -1.001119 -1.002499 
 -1.001119 -0.999999 
 -1.001119 -1.002499 
 -1.001119 -0.999999 
 -1.001119 -1.002499 
 -1.002950 -0.999999 
 -1.001119 -1.002499 
 -1.001119 -0.999999 
 -1.001119 -1.002499 
 -1.001119 -0.999999 
 -1.001119 -1.002499 
 -1.001119 -0.999999 
 -1.001119 -1.002499 
 -1.001119 -0.999999 
 -1.001119 -1.002499 
 -1.001119 -0.999999 
 -1.001119 -1.002499 
 -1.001119 -0.999999 
 -1.001119 -1.002499 
 -1.001119 -0.999999 
 -1.001119 -1.002499 
 -1.001119 -0.999999 
 -1.002950 -1.002499 
 -1.002950 -0.999999 
 -0.999289 -1.002499 
 -1.001119 -0.999999 
 -1.001119 -1.002499 
 -1.001119 -0.999999 
 -1.001119 -1.002499 
 -1.001119 -0.999999 
 -1.001119 -1.002499 
 -1.002950 -0.999999 
 -1.001119 -1.002499 
 -1.001119 -0.999999 
 -1.001119 -1.002499 
 -1.001119 -0.999999 
 -1.001119 -1.002499 
 -1.001119 -0.999999 
 -1.001119 -1.002499 
 -1.001119 -0.999999 
 -1.001119 -1.002499 
 -1.001119 -0.999999 
 -1.001119 -1.002499 
 -1.001119 -0.999999 
 -1.001119 -1.002499 
 -1.001119 -0.999999 
 -1.001119 -1.002499 
 -1.002950 -0.999999 
 -1.001119 -1.002499 
 -1.001119 -0.999999 
 -1.001119 -1.002499 
 -1.001119 -0.999999 
 -1.001119 -1.002499 
 -1.001119 -0.999999 
 -1.001119 -1.002499 
 -1.001119 -0.999999 
 -1.001119 -1.002499 
 -1.001119 -0.999999 
 -1.001119 -1.002499 
 -1.001119 -0.999999 
 -1.001119 -1.002499 
 -1.001119 -0.999999 
 -1.001119 -1.002499 
 -1.002950 -0.999999 
 -1.001119 -1.002499 
 -1.001119 -0.999999 
 -1.002950 -1.002499 
 -1.001119 -0.999999 
 -1.001119 -1.002499 
 -1.001119 -0.999999 
 -1.001119 -1.002499 
 -1.001119 -0.999999 
 -1.001119 -1.002499 
 -1.001119 -0.999999 
 -1.001119 -1.002499 
 -1.001119 -0.999999 
 -1.001119 -1.002499 
 -1.001119 -0.999999 
 -1.001119 -1.002499 
 -1.001119 -0.999999 
 -1.001119 -1.002499 
 -1.002950 -0.999999 
 -1.001119 -1.002499 
 -1.001119 -0.999999 
 -1.001119 -1.002499 
 -1.001119 -0.999999 
 -1.001119 -1.002499 
 -1.001119 -0.999999 
 -1.001119 -1.002499 
 -1.001119 -0.999999 
 -1.001119 -1.002499 
 -1.001119 -0.999999 
 -1.001119 -1.002499 
 -1.001119 -0.999999 
 -1.001119 -1.002499 
 -1.001119 -0.999999 
 -1.001119 -1.002499 
 -1.002950 -0.999999 
 -1.001119 -1.002499 
 -1.001119 -0.999999 
 -1.001119 -1.002499 
 -1.001119 -0.999999 
 -1.001119 -1.002499 
 -1.001119 -0.999999 
 -1.001119 -1.002499 
 -1.001119 -0.999999 
 -1.001119 -1.002499 
 -1.001119 -0.999999 
 -1.001119 -1.002499 
 -1.001119 -0.999999 
 -1.001119 -1.002499 
 -1.001119 -0.999999 
 -1.001119 -1.002499 
 -1.002950 -0.999999 
 -1.001119 -1.002499 
 -1.001119 -0.999999 
 -1.001119 -1.002499 
 -1.001119 -0.999999 
 -1.001119 -1.002499 
 -1.001119 -0.999999 
 -1.001119 -1.002499 
 -1.001119 -0.999999 
 -1.001119 -1.002499 
 -1.001119 -0.999999 
 -1.001119 -1.002499 
 -1.001119 -0.999999 
 -1.001119 -1.002499 
 -1.001119 -0.999999 
 -1.001119 -1.002499 
 -1.001119 -0.999999 
 -1.002950 -1.002499 
 -1.001119 -0.999999 
 -1.001119 -1.002499 
 -1.002950 -0.999999 
 -1.001119 -1.002499 
 -1.001119 -0.999999 
 -1.001119 -1.002499 
 -1.001119 -0.999999 
 -1.001119 -1.002499 
 -1.001119 -0.999999 
 -1.001119 -1.002499 
 -1.001119 -0.999999 
 -1.001119 -1.002499 
 -1.001119 -0.999999 
 -1.001119 -1.002499 
 -1.001119 -0.999999 
 -0.999289 -1.002499 
 -1.001119 -0.999999 
 -1.001119 -1.002499 
 -1.002950 -0.999999 
 -1.001119 -1.002499 
 -1.001119 -0.999999 
 -1.001119 -1.002499 
 -1.001119 -0.999999 
 -1.001119 -1.002499 
 -1.001119 -0.999999 
 -1.001119 -1.002499 
 -1.001119 -0.999999 
 -1.001119 -1.002499 
 -1.002950 -0.999999 
 -1.001119 -1.002499 
 -1.001119 -0.999999 
 -1.001119 -1.002499 
 -1.001119 -0.999999 
 -1.001119 -1.002499 
 -1.001119 -0.999999 
 -1.001119 -1.002499 
 -1.001119 -0.999999 
 -1.001119 -1.002499 
 -1.001119 -0.999999 
 -1.001119 -1.002499 
 -1.001119 -0.999999 
 -1.001119 -1.002499 
 -1.001119 -0.999999 
 -1.001119 -1.002499 
 -1.002950 -0.999999 
 -1.001119 -1.002499 
 -1.001119 -0.999999 
 -1.001119 -1.002499 
 -1.001119 -0.999999 
 