0.000000 -0.002500 
 0.000000 -0.005000 
 0.000000 -0.007500 
 0.000000 -0.010000 
 0.000000 -0.012500 
 0.000000 -0.015000 
 -0.013398 -0.017500 
 0.000000 -0.020000 
 0.000000 -0.022500 
 -0.013398 -0.025000 
 0.000000 -0.027500 
 0.000000 -0.030000 
 0.000000 -0.032500 
 0.000000 -0.035000 
 -0.013398 -0.037500 
 0.000000 -0.040000 
 -0.013398 -0.042500 
 -0.013398 -0.045000 
 -0.013398 -0.047500 
 -0.013398 -0.050000 
 -0.013398 -0.052500 
 -0.013398 -0.055000 
 -0.026796 -0.057500 
 -0.026796 -0.060000 
 -0.026796 -0.062500 
 -0.026796 -0.065000 
 -0.026796 -0.067500 
 -0.026796 -0.070000 
 -0.040195 -0.072500 
 -0.026796 -0.075000 
 -0.040195 -0.077500 
 -0.040195 -0.080000 
 -0.040195 -0.082500 
 -0.040195 -0.085000 
 -0.053593 -0.087500 
 -0.053593 -0.090000 
 -0.053593 -0.092500 
 -0.053593 -0.095000 
 -0.053593 -0.097500 
 -0.053593 -0.100000 
 -0.053593 -0.102500 
 -0.066991 -0.105000 
 -0.066991 -0.107500 
 -0.066991 -0.110000 
 -0.066991 -0.112500 
 -0.066991 -0.115000 
 -0.080389 -0.117500 
 -0.066991 -0.120000 
 -0.080389 -0.122500 
 -0.080389 -0.125000 
 -0.080389 -0.127500 
 -0.093788 -0.130000 
 -0.080389 -0.132500 
 -0.093788 -0.135000 
 -0.093788 -0.137500 
 -0.107186 -0.140000 
 -0.093788 -0.142500 
 -0.093788 -0.145000 
 -0.107186 -0.147500 
 -0.107186 -0.150000 
 -0.107186 -0.152500 
 -0.107186 -0.155000 
 -0.107186 -0.157500 
 -0.120584 -0.160000 
 -0.107186 -0.162500 
 -0.120584 -0.165000 
 -0.120584 -0.167500 
 -0.120584 -0.170000 
 -0.133982 -0.172500 
 -0.120584 -0.175000 
 -0.133982 -0.177500 
 -0.133982 -0.180000 
 -0.147381 -0.182500 
 -0.133982 -0.185000 
 -0.133982 -0.187500 
 -0.147381 -0.190000 
 -0.147381 -0.192500 
 -0.147381 -0.195000 
 -0.147381 -0.197500 
 -0.147381 -0.200000 
 -0.160779 -0.202500 
 -0.160779 -0.205000 
 -0.160779 -0.207500 
 -0.160779 -0.210000 
 -0.160779 -0.212500 
 -0.174177 -0.215000 
 -0.174177 -0.217500 
 -0.174177 -0.220000 
 -0.174177 -0.222500 
 -0.187575 -0.225000 
 -0.187575 -0.227500 
 -0.174177 -0.230000 
 -0.187575 -0.232500 
 -0.187575 -0.235000 
 -0.200974 -0.237500 
 -0.187575 -0.240000 
 -0.187575 -0.242500 
 -0.200974 -0.245000 
 -0.200974 -0.247500 
 -0.214372 -0.250000 
 -0.200974 -0.252500 
 -0.200974 -0.255000 
 -0.214372 -0.257500 
 -0.214372 -0.260000 
 -0.214372 -0.262500 
 -0.214372 -0.265000 
 -0.214372 -0.267500 
 -0.227770 -0.270000 
 -0.227770 -0.272500 
 -0.227770 -0.275000 
 -0.227770 -0.277500 
 -0.241168 -0.280000 
 -0.241168 -0.282500 
 -0.227770 -0.285000 
 -0.241168 -0.287500 
 -0.241168 -0.290000 
 -0.254567 -0.292500 
 -0.254567 -0.295000 
 -0.241168 -0.297500 
 -0.254567 -0.300000 
 -0.254567 -0.302500 
 -0.267965 -0.305000 
 -0.254567 -0.307500 
 -0.254567 -0.310000 
 -0.267965 -0.312500 
 -0.267965 -0.315000 
 -0.267965 -0.317500 
 -0.267965 -0.320000 
 -0.281363 -0.322500 
 -0.281363 -0.325000 
 -0.281363 -0.327500 
 -0.281363 -0.330000 
 -0.281363 -0.332500 
 -0.294761 -0.335000 
 -0.294761 -0.337500 
 -0.294761 -0.340000 
 -0.294761 -0.342500 
 -0.294761 -0.345000 
 -0.308160 -0.347500 
 -0.308160 -0.350000 
 -0.294761 -0.352500 
 -0.308160 -0.355000 
 -0.308160 -0.357500 
 -0.321558 -0.360000 
 -0.321558 -0.362500 
 -0.321558 -0.365000 
 -0.321558 -0.367500 
 -0.321558 -0.370000 
 -0.334956 -0.372500 
 -0.321558 -0.375000 
 -0.321558 -0.377500 
 -0.334956 -0.380000 
 -0.334956 -0.382500 
 -0.334956 -0.385000 
 -0.334956 -0.387500 
 -0.348354 -0.390000 
 -0.348354 -0.392500 
 -0.348354 -0.395000 
 -0.348354 -0.397500 
 -0.348354 -0.400000 
 -0.361753 -0.402500 
 -0.361753 -0.405000 
 -0.348354 -0.407500 
 -0.361753 -0.410000 
 -0.361753 -0.412500 
 -0.375151 -0.415000 
 -0.375151 -0.417500 
 -0.375151 -0.420000 
 -0.375151 -0.422500 
 -0.375151 -0.425000 
 -0.388549 -0.427500 
 -0.375151 -0.430000 
 -0.388549 -0.432500 
 -0.388549 -0.435000 
 -0.388549 -0.437500 
 -0.401947 -0.440000 
 -0.388549 -0.442500 
 -0.401947 -0.445000 
 -0.401947 -0.447500 
 -0.401947 -0.450000 
 -0.401947 -0.452500 
 -0.401947 -0.455000 
 -0.415346 -0.457500 
 -0.415346 -0.460000 
 -0.428744 -0.462500 
 -0.415346 -0.465000 
 -0.415346 -0.467500 
 -0.428744 -0.470000 
 -0.428744 -0.472500 
 -0.428744 -0.475000 
 -0.428744 -0.477500 
 -0.428744 -0.480000 
 -0.442142 -0.482500 
 -0.442142 -0.485000 
 -0.442142 -0.487500 
 -0.442142 -0.490000 
 -0.442142 -0.492500 
 -0.455540 -0.495000 
 -0.442142 -0.497500 
 -0.455540 -0.500000 
 -0.455540 -0.502500 
 -0.455540 -0.500000 
 -0.455540 -0.502500 
 -0.455540 -0.500000 
 -0.468938 -0.502500 
 -0.468938 -0.500000 
 -0.482337 -0.502500 
 -0.468938 -0.500000 
 -0.468938 -0.502500 
 -0.482337 -0.500000 
 -0.482337 -0.502500 
 -0.468938 -0.500000 
 -0.482337 -0.502500 
 -0.482337 -0.500000 
 -0.482337 -0.502500 
 -0.482337 -0.500000 
 -0.482337 -0.502500 
 -0.495735 -0.500000 
 -0.482337 -0.502500 
 -0.482337 -0.500000 
 -0.495735 -0.502500 
 -0.495735 -0.500000 
 -0.482337 -0.502500 
 -0.495735 -0.500000 
 -0.495735 -0.502500 
 -0.482337 -0.500000 
 -0.495735 -0.502500 
 -0.495735 -0.500000 
 -0.482337 -0.502500 
 -0.495735 -0.500000 
 -0.495735 -0.502500 
 -0.495735 -0.500000 
 -0.495735 -0.502500 
 -0.495735 -0.500000 
 -0.495735 -0.502500 
 -0.495735 -0.500000 
 -0.495735 -0.502500 
 -0.495735 -0.500000 
 -0.495735 -0.502500 
 -0.495735 -0.500000 
 -0.495735 -0.502500 
 -0.509133 -0.500000 
 -0.495735 -0.502500 
 -0.495735 -0.500000 
 -0.509133 -0.502500 
 -0.495735 -0.500000 
 -0.495735 -0.502500 
 -0.509133 -0.500000 
 -0.495735 -0.502500 
 -0.495735 -0.500000 
 -0.495735 -0.502500 
 -0.495735 -0.500000 
 -0.495735 -0.502500 
 -0.495735 -0.500000 
 -0.495735 -0.502500 
 -0.495735 -0.500000 
 -0.495735 -0.502500 
 -0.509133 -0.500000 
 -0.495735 -0.502500 
 -0.495735 -0.500000 
 -0.509133 -0.502500 
 -0.495735 -0.500000 
 -0.495735 -0.502500 
 -0.509133 -0.500000 
 -0.495735 -0.502500 
 -0.495735 -0.500000 
 -0.509133 -0.502500 
 -0.495735 -0.500000 
 -0.495735 -0.502500 
 -0.509133 -0.500000 
 -0.495735 -0.502500 
 -0.495735 -0.500000 
 -0.509133 -0.502500 
 -0.509133 -0.500000 
 -0.495735 -0.502500 
 -0.509133 -0.500000 
 -0.509133 -0.502500 
 -0.495735 -0.500000 
 -0.495735 -0.502500 
 -0.509133 -0.500000 
 -0.495735 -0.502500 
 -0.495735 -0.500000 
 -0.509133 -0.502500 
 -0.495735 -0.500000 
 -0.495735 -0.502500 
 -0.509133 -0.500000 
 -0.495735 -0.502500 
 -0.495735 -0.500000 
 -0.509133 -0.502500 
 -0.495735 -0.500000 
 -0.495735 -0.502500 
 -0.509133 -0.500000 
 -0.509133 -0.502500 
 -0.495735 -0.500000 
 -0.509133 -0.502500 
 -0.509133 -0.500000 
 -0.495735 -0.502500 
 -0.509133 -0.500000 
 -0.509133 -0.502500 
 -0.495735 -0.500000 
 -0.495735 -0.502500 
 -0.509133 -0.500000 
 -0.495735 -0.502500 
 -0.495735 -0.500000 
 -0.509133 -0.502500 
 -0.495735 -0.500000 
 -0.495735 -0.502500 
 -0.509133 -0.500000 
 -0.495735 -0.502500 
 -0.495735 -0.500000 
 -0.509133 -0.502500 
 -0.495735 -0.500000 
 -0.495735 -0.502500 
 -0.509133 -0.500000 
 -0.509133 -0.502500 
 -0.495735 -0.500000 
 -0.509133 -0.502500 
 -0.509133 -0.500000 
 -0.495735 -0.502500 
 -0.495735 -0.500000 
 -0.509133 -0.502500 
 -0.495735 -0.500000 
 -0.495735 -0.502500 
 -0.509133 -0.500000 
 -0.495735 -0.502500 
 -0.495735 -0.500000 
 -0.509133 -0.502500 
 -0.495735 -0.500000 
 -0.495735 -0.502500 
 -0.509133 -0.500000 
 -0.495735 -0.502500 
 -0.495735 -0.500000 
 -0.509133 -0.502500 
 -0.495735 -0.500000 
 -0.495735 -0.502500 
 -0.509133 -0.500000 
 -0.509133 -0.502500 
 -0.495735 -0.500000 
 -0.495735 -0.502500 
 -0.495735 -0.500000 
 -0.495735 -0.502500 
 -0.495735 -0.500000 
 -0.509133 -0.502500 
 -0.495735 -0.500000 
 -0.495735 -0.502500 
 -0.509133 -0.500000 
 -0.495735 -0.502500 
 -0.495735 -0.500000 
 -0.509133 -0.502500 
 -0.495735 -0.500000 
 -0.495735 -0.502500 
 -0.509133 -0.500000 
 -0.509133 -0.502500 
 -0.495735 -0.500000 
 -0.509133 -0.502500 
 -0.509133 -0.500000 
 -0.495735 -0.502500 
 -0.509133 -0.500000 
 -0.509133 -0.502500 
 -0.495735 -0.500000 
 -0.495735 -0.502500 
 -0.509133 -0.500000 
 -0.495735 -0.502500 
 -0.495735 -0.500000 
 -0.509133 -0.502500 
 -0.495735 -0.500000 
 -0.495735 -0.502500 
 -0.509133 -0.500000 
 -0.495735 -0.502500 
 -0.495735 -0.500000 
 -0.509133 -0.502500 
 -0.495735 -0.500000 
 -0.495735 -0.502500 
 -0.509133 -0.500000 
 -0.495735 -0.502500 
 -0.495735 -0.500000 
 -0.509133 -0.502500 
 -0.509133 -0.500000 
 -0.495735 -0.502500 
 -0.509133 -0.500000 
 -0.509133 -0.502500 
 -0.495735 -0.500000 
 -0.495735 -0.502500 
 -0.509133 -0.500000 
 -0.495735 -0.502500 
 -0.495735 -0.500000 
 -0.509133 -0.502500 
 -0.495735 -0.500000 
 -0.495735 -0.502500 
 -0.509133 -0.500000 
 -0.495735 -0.502500 
 -0.495735 -0.500000 
 -0.509133 -0.502500 
 -0.495735 -0.500000 
 -0.495735 -0.502500 
 -0.509133 -0.500000 
 -0.509133 -0.502500 
 -0.495735 -0.500000 
 -0.509133 -0.502500 
 -0.509133 -0.500000 
 -0.495735 -0.502500 
 -0.495735 -0.500000 
 -0.495735 -0.502500 
 -0.495735 -0.500000 
 -0.509133 -0.502500 
 -0.495735 -0.500000 
 -0.509133 -0.502500 
 -0.495735 -0.500000 
 -0.495735 -0.502500 
 -0.509133 -0.500000 
 -0.495735 -0.502500 
 -0.495735 -0.500000 
 -0.509133 -0.502500 
 -0.509133 -0.500000 
 -0.495735 -0.502500 
 -0.495735 -0.500000 
 -0.509133 -0.502500 
 -0.509133 -0.500000 
 -0.495735 -0.502500 
 -0.495735 -0.500000 
 -0.495735 -0.502500 
 -0.495735 -0.500000 
 -0.509133 -0.502500 
 -0.509133 -0.500000 
 -0.509133 -0.502500 
 -0.495735 -0.500000 
 -0.495735 -0.502500 
 -0.495735 -0.500000 
 -0.495735 -0.502500 
 -0.495735 -0.500000 
 -0.495735 -0.502500 
 -0.495735 -0.500000 
 -0.509133 -0.502500 
 -0.509133 -0.500000 
 -0.509133 -0.502500 
 -0.509133 -0.500000 
 -0.509133 -0.502500 
 -0.509133 -0.500000 
 -0.509133 -0.502500 
 -0.509133 -0.500000 
 -0.509133 -0.502500 
 -0.495735 -0.500000 
 -0.495735 -0.502500 
 -0.495735 -0.500000 
 -0.495735 -0.502500 
 -0.495735 -0.500000 
 -0.495735 -0.502500 
 -0.495735 -0.500000 
 -0.495735 -0.502500 
 -0.495735 -0.500000 
 -0.495735 -0.502500 
 -0.495735 -0.500000 
 -0.509133 -0.502500 
 -0.509133 -0.500000 
 -0.495735 -0.502500 
 -0.495735 -0.500000 
 -0.495735 -0.502500 
 -0.495735 -0.500000 
 -0.495735 -0.502500 
 -0.495735 -0.500000 
 -0.495735 -0.502500 
 -0.495735 -0.500000 
 -0.495735 -0.502500 
 -0.495735 -0.500000 
 -0.495735 -0.502500 
 -0.495735 -0.500000 
 -0.495735 -0.502500 
 -0.495735 -0.500000 
 -0.509133 -0.502500 
 -0.509133 -0.500000 
 -0.495735 -0.502500 
 -0.495735 -0.500000 
 -0.495735 -0.502500 
 -0.495735 -0.500000 
 -0.495735 -0.502500 
 -0.495735 -0.500000 
 -0.495735 -0.502500 
 -0.495735 -0.500000 
 -0.495735 -0.502500 
 -0.495735 -0.500000 
 -0.495735 -0.502500 
 -0.495735 -0.500000 
 -0.495735 -0.502500 
 -0.495735 -0.500000 
 -0.509133 -0.502500 
 -0.509133 -0.500000 
 -0.509133 -0.502500 
 -0.495735 -0.500000 
 -0.495735 -0.502500 
 -0.495735 -0.500000 
 -0.495735 -0.502500 
 -0.495735 -0.500000 
 -0.495735 -0.502500 
 -0.495735 -0.500000 
 -0.495735 -0.502500 
 -0.509133 -0.500000 
 -0.522532 -0.502500 
 -0.522532 -0.500000 
 -0.522532 -0.502500 
 -0.495735 -0.500000 
 -0.495735 -0.502500 
 -0.495735 -0.500000 
 -0.495735 -0.502500 
 -0.495735 -0.500000 
 -0.495735 -0.502500 
 -0.495735 -0.500000 
 -0.495735 -0.502500 
 -0.495735 -0.500000 
 -0.495735 -0.502500 
 -0.495735 -0.500000 
 -0.495735 -0.502500 
 -0.509133 -0.500000 
 -0.522532 -0.502500 
 -0.522532 -0.500000 
 -0.522532 -0.502500 
 -0.495735 -0.500000 
 -0.495735 -0.502500 
 -0.495735 -0.500000 
 -0.495735 -0.502500 
 -0.495735 -0.500000 
 -0.495735 -0.502500 
 -0.495735 -0.500000 
 -0.495735 -0.502500 
 -0.495735 -0.500000 
 -0.495735 -0.502500 
 -0.495735 -0.500000 
 -0.495735 -0.502500 
 -0.509133 -0.500000 
 -0.522532 -0.502500 
 -0.522532 -0.500000 
 -0.522532 -0.502500 
 -0.495735 -0.500000 
 -0.495735 -0.502500 
 -0.495735 -0.500000 
 -0.495735 -0.502500 
 -0.495735 -0.500000 
 -0.495735 -0.502500 
 -0.495735 -0.500000 
 -0.495735 -0.502500 
 -0.495735 -0.500000 
 -0.495735 -0.502500 
 -0.495735 -0.500000 
 -0.495735 -0.502500 
 -0.495735 -0.500000 
 -0.509133 -0.502500 
 -0.522532 -0.500000 
 -0.522532 -0.502500 
 -0.509133 -0.500000 
 -0.495735 -0.502500 
 -0.495735 -0.500000 
 -0.495735 -0.502500 
 -0.495735 -0.500000 
 -0.495735 -0.502500 
 -0.495735 -0.500000 
 -0.495735 -0.502500 
 -0.495735 -0.500000 
 -0.495735 -0.502500 
 -0.495735 -0.500000 
 -0.495735 -0.502500 
 -0.495735 -0.500000 
 -0.495735 -0.502500 
 -0.509133 -0.500000 
 -0.522532 -0.502500 
 -0.522532 -0.500000 
 -0.522532 -0.502500 
 -0.509133 -0.500000 
 -0.495735 -0.502500 
 -0.495735 -0.500000 
 -0.495735 -0.502500 
 -0.495735 -0.500000 
 -0.495735 -0.502500 
 -0.495735 -0.500000 
 -0.495735 -0.502500 
 -0.495735 -0.500000 
 -0.495735 -0.502500 
 -0.495735 -0.500000 
 -0.495735 -0.502500 
 -0.509133 -0.500000 
 -0.522532 -0.502500 
 -0.522532 -0.500000 
 -0.509133 -0.502500 
 -0.495735 -0.500000 
 -0.495735 -0.502500 
 -0.495735 -0.500000 
 -0.495735 -0.502500 
 -0.495735 -0.500000 
 -0.495735 -0.502500 
 -0.495735 -0.500000 
 -0.495735 -0.502500 
 -0.495735 -0.500000 
 -0.495735 -0.502500 
 -0.495735 -0.500000 
 -0.495735 -0.502500 
 -0.495735 -0.500000 
 -0.509133 -0.502500 
 -0.522532 -0.500000 
 -0.522532 -0.502500 
 -0.522532 -0.500000 
 -0.509133 -0.502500 
 -0.495735 -0.500000 
 -0.495735 -0.502500 
 -0.495735 -0.500000 
 -0.495735 -0.502500 
 -0.495735 -0.500000 
 -0.495735 -0.502500 
 -0.495735 -0.500000 
 -0.495735 -0.502500 
 -0.495735 -0.500000 
 -0.495735 -0.502500 
 -0.495735 -0.500000 
 -0.509133 -0.502500 
 -0.509133 -0.500000 
 -0.495735 -0.502500 
 -0.495735 -0.500000 
 -0.495735 -0.502500 
 -0.495735 -0.500000 
 -0.495735 -0.502500 
 -0.495735 -0.500000 
 -0.495735 -0.502500 
 -0.509133 -0.500000 
 -0.522532 -0.502500 
 -0.522532 -0.500000 
 -0.522532 -0.502500 
 -0.495735 -0.500000 
 -0.495735 -0.502500 
 -0.495735 -0.500000 
 -0.495735 -0.502500 
 -0.495735 -0.500000 
 -0.495735 -0.502500 
 -0.495735 -0.500000 
 -0.495735 -0.502500 
 -0.495735 -0.500000 
 -0.495735 -0.502500 
 -0.495735 -0.500000 
 -0.495735 -0.502500 
 -0.509133 -0.500000 
 -0.522532 -0.502500 
 -0.522532 -0.500000 
 -0.522532 -0.502500 
 -0.495735 -0.500000 
 -0.495735 -0.502500 
 -0.495735 -0.500000 
 -0.495735 -0.502500 
 -0.495735 -0.500000 
 -0.495735 -0.502500 
 -0.495735 -0.500000 
 -0.495735 -0.502500 
 -0.495735 -0.500000 
 -0.495735 -0.502500 
 -0.495735 -0.500000 
 -0.495735 -0.502500 
 -0.495735 -0.500000 
 -0.509133 -0.502500 
 -0.522532 -0.500000 
 -0.522532 -0.502500 
 -0.522532 -0.500000 
 -0.495735 -0.502500 
 -0.495735 -0.500000 
 -0.495735 -0.502500 
 -0.495735 -0.500000 
 -0.495735 -0.502500 
 -0.495735 -0.500000 
 -0.495735 -0.502500 
 -0.495735 -0.500000 
 -0.495735 -0.502500 
 -0.495735 -0.500000 
 -0.495735 -0.502500 
 -0.495735 -0.500000 
 -0.509133 -0.502500 
 -0.522532 -0.500000 
 -0.522532 -0.502500 
 -0.522532 -0.500000 
 -0.495735 -0.502500 
 -0.495735 -0.500000 
 -0.495735 -0.502500 
 -0.495735 -0.500000 
 -0.495735 -0.502500 
 -0.495735 -0.500000 
 -0.495735 -0.502500 
 -0.495735 -0.500000 
 -0.495735 -0.502500 
 -0.495735 -0.500000 
 -0.495735 -0.502500 
 -0.495735 -0.500000 
 -0.495735 -0.502500 
 -0.509133 -0.500000 
 -0.522532 -0.502500 
 -0.522532 -0.500000 
 -0.522532 -0.502500 
 -0.495735 -0.500000 
 -0.495735 -0.502500 
 -0.495735 -0.500000 
 -0.495735 -0.502500 
 -0.495735 -0.500000 
 -0.495735 -0.502500 
 -0.495735 -0.500000 
 -0.495735 -0.502500 
 -0.495735 -0.500000 
 -0.495735 -0.502500 
 -0.495735 -0.500000 
 -0.495735 -0.502500 
 -0.509133 -0.500000 
 -0.522532 -0.502500 
 -0.522532 -0.500000 
 -0.509133 -0.502500 
 -0.495735 -0.500000 
 -0.495735 -0.502500 
 -0.495735 -0.500000 
 -0.495735 -0.502500 
 -0.495735 -0.500000 
 -0.495735 -0.502500 
 -0.495735 -0.500000 
 -0.495735 -0.502500 
 -0.495735 -0.500000 
 -0.495735 -0.502500 
 -0.495735 -0.500000 
 -0.495735 -0.502500 
 -0.495735 -0.500000 
 -0.509133 -0.502500 
 -0.522532 -0.500000 
 -0.522532 -0.502500 
 -0.522532 -0.500000 
 -0.509133 -0.502500 
 -0.495735 -0.500000 
 -0.495735 -0.502500 
 -0.495735 -0.500000 
 -0.495735 -0.502500 
 -0.495735 -0.500000 
 -0.495735 -0.502500 
 -0.495735 -0.500000 
 -0.495735 -0.502500 
 -0.495735 -0.500000 
 -0.495735 -0.502500 
 -0.495735 -0.500000 
 -0.509133 -0.502500 
 -0.509133 -0.500000 
 -0.509133 -0.502500 
 -0.495735 -0.500000 
 -0.495735 -0.502500 
 -0.495735 -0.500000 
 -0.495735 -0.502500 
 -0.495735 -0.500000 
 -0.495735 -0.502500 
 -0.509133 -0.500000 
 -0.522532 -0.502500 
 -0.522532 -0.500000 
 -0.522532 -0.502500 
 -0.495735 -0.500000 
 -0.495735 -0.502500 
 -0.495735 -0.500000 
 -0.495735 -0.502500 
 -0.495735 -0.500000 
 -0.495735 -0.502500 
 -0.495735 -0.500000 
 -0.495735 -0.502500 
 -0.495735 -0.500000 
 -0.495735 -0.502500 
 -0.495735 -0.500000 
 -0.495735 -0.502500 
 -0.509133 -0.500000 
 -0.522532 -0.502500 
 -0.522532 -0.500000 
 -0.509133 -0.502500 
 -0.495735 -0.500000 
 -0.495735 -0.502500 
 -0.495735 -0.500000 
 -0.495735 -0.502500 
 -0.495735 -0.500000 
 -0.495735 -0.502500 
 -0.495735 -0.500000 
 -0.495735 -0.502500 
 -0.495735 -0.500000 
 -0.495735 -0.502500 
 -0.495735 -0.500000 
 -0.495735 -0.502500 
 -0.495735 -0.500000 
 -0.509133 -0.502500 
 -0.522532 -0.500000 
 -0.522532 -0.502500 
 -0.522532 -0.500000 
 -0.495735 -0.502500 
 -0.495735 -0.500000 
 -0.495735 -0.502500 
 -0.495735 -0.500000 
 -0.495735 -0.502500 
 -0.495735 -0.500000 
 -0.495735 -0.502500 
 -0.495735 -0.500000 
 -0.495735 -0.502500 
 -0.495735 -0.500000 
 -0.495735 -0.502500 
 -0.495735 -0.500000 
 -0.495735 -0.502500 
 -0.509133 -0.500000 
 -0.522532 -0.502500 
 -0.522532 -0.500000 
 -0.522532 -0.502500 
 -0.495735 -0.500000 
 -0.495735 -0.502500 
 -0.495735 -0.500000 
 -0.495735 -0.502500 
 -0.495735 -0.500000 
 -0.495735 -0.502500 
 -0.495735 -0.500000 
 -0.495735 -0.502500 
 -0.495735 -0.500000 
 -0.495735 -0.502500 
 -0.495735 -0.500000 
 -0.495735 -0.502500 
 -0.509133 -0.500000 
 -0.522532 -0.502500 
 -0.522532 -0.500000 
 -0.522532 -0.502500 
 -0.495735 -0.500000 
 -0.495735 -0.502500 
 -0.495735 -0.500000 
 -0.495735 -0.502500 
 -0.495735 -0.500000 
 -0.495735 -0.502500 
 -0.495735 -0.500000 
 -0.495735 -0.502500 
 -0.495735 -0.500000 
 -0.495735 -0.502500 
 -0.495735 -0.500000 
 -0.495735 -0.502500 
 -0.509133 -0.500000 
 -0.522532 -0.502500 
 -0.522532 -0.500000 
 -0.522532 -0.502500 
 -0.495735 -0.500000 
 -0.495735 -0.502500 
 -0.495735 -0.500000 
 -0.495735 -0.502500 
 -0.495735 -0.500000 
 -0.495735 -0.502500 
 -0.495735 -0.500000 
 -0.495735 -0.502500 
 -0.495735 -0.500000 
 -0.495735 -0.502500 
 -0.495735 -0.500000 
 -0.495735 -0.502500 
 -0.495735 -0.500000 
 -0.509133 -0.502500 
 -0.509133 -0.500000 
 -0.509133 -0.502500 
 -0.495735 -0.500000 
 -0.495735 -0.502500 
 -0.495735 -0.500000 
 -0.495735 -0.502500 
 -0.495735 -0.500000 
 -0.495735 -0.502500 
 -0.509133 -0.500000 
 -0.522532 -0.502500 
 -0.522532 -0.500000 
 -0.522532 -0.502500 
 -0.495735 -0.500000 
 -0.495735 -0.502500 
 -0.495735 -0.500000 
 -0.495735 -0.502500 
 -0.495735 -0.500000 
 -0.495735 -0.502500 
 -0.495735 -0.500000 
 -0.495735 -0.502500 
 -0.495735 -0.500000 
 -0.495735 -0.502500 
 -0.495735 -0.500000 
 -0.495735 -0.502500 
 -0.509133 -0.500000 
 -0.522532 -0.502500 
 -0.522532 -0.500000 
 -0.522532 -0.502500 
 -0.495735 -0.500000 
 -0.495735 -0.502500 
 -0.495735 -0.500000 
 -0.495735 -0.502500 
 -0.495735 -0.500000 
 -0.495735 -0.502500 
 -0.495735 -0.500000 
 -0.495735 -0.502500 
 -0.495735 -0.500000 
 -0.495735 -0.502500 
 -0.495735 -0.500000 
 -0.495735 -0.502500 
 -0.509133 -0.500000 
 -0.522532 -0.502500 
 -0.522532 -0.500000 
 -0.509133 -0.502500 
 -0.495735 -0.500000 
 -0.495735 -0.502500 
 -0.495735 -0.500000 
 -0.495735 -0.502500 
 -0.495735 -0.500000 
 -0.495735 -0.502500 
 -0.495735 -0.500000 
 -0.495735 -0.502500 
 -0.495735 -0.500000 
 -0.495735 -0.502500 
 -0.495735 -0.500000 
 -0.495735 -0.502500 
 -0.495735 -0.500000 
 -0.495735 -0.502500 
 -0.509133 -0.500000 
 -0.522532 -0.502500 
 -0.522532 -0.500000 
 -0.522532 -0.502500 
 -0.495735 -0.500000 
 -0.495735 -0.502500 
 -0.495735 -0.500000 
 -0.495735 -0.502500 
 -0.495735 -0.500000 
 -0.495735 -0.502500 
 -0.495735 -0.500000 
 -0.495735 -0.502500 
 -0.495735 -0.500000 
 -0.495735 -0.502500 
 -0.495735 -0.500000 
 -0.495735 -0.502500 
 -0.509133 -0.500000 
 -0.522532 -0.502500 
 -0.522532 -0.500000 
 -0.522532 -0.502500 
 -0.495735 -0.500000 
 -0.495735 -0.502500 
 -0.495735 -0.500000 
 -0.495735 -0.502500 
 -0.495735 -0.500000 
 -0.495735 -0.502500 
 -0.495735 -0.500000 
 -0.495735 -0.502500 
 -0.495735 -0.500000 
 -0.495735 -0.502500 
 -0.495735 -0.500000 
 -0.495735 -0.502500 
 -0.509133 -0.500000 
 -0.522532 -0.502500 
 -0.522532 -0.500000 
 -0.522532 -0.502500 
 -0.495735 -0.500000 
 -0.495735 -0.502500 
 -0.495735 -0.500000 
 -0.495735 -0.502500 
 -0.495735 -0.500000 
 -0.495735 -0.502500 
 -0.495735 -0.500000 
 -0.495735 -0.502500 
 -0.495735 -0.500000 
 -0.495735 -0.502500 
 -0.495735 -0.500000 
 -0.495735 -0.502500 
 -0.495735 -0.500000 
 -0.509133 -0.502500 
 -0.522532 -0.500000 
 -0.522532 -0.502500 
 -0.509133 -0.500000 
 -0.495735 -0.502500 
 -0.495735 -0.500000 
 -0.495735 -0.502500 
 -0.495735 -0.500000 
 -0.495735 -0.502500 
 -0.495735 -0.500000 
 -0.495735 -0.502500 
 -0.495735 -0.500000 
 -0.495735 -0.502500 
 -0.495735 -0.500000 
 -0.495735 -0.502500 
 -0.495735 -0.500000 
 -0.509133 -0.502500 
 -0.522532 -0.500000 
 -0.522532 -0.502500 
 -0.509133 -0.500000 
 -0.495735 -0.502500 
 -0.495735 -0.500000 
 -0.495735 -0.502500 
 -0.495735 -0.500000 
 -0.495735 -0.502500 
 -0.495735 -0.500000 
 -0.495735 -0.502500 
 -0.495735 -0.500000 
 -0.495735 -0.502500 
 -0.509133 -0.500000 
 -0.522532 -0.502500 
 -0.522532 -0.500000 
 -0.522532 -0.502500 
 -0.495735 -0.500000 
 -0.495735 -0.502500 
 -0.495735 -0.500000 
 -0.495735 -0.502500 
 -0.495735 -0.500000 
 -0.495735 -0.502500 
 -0.495735 -0.500000 
 -0.495735 -0.502500 
 -0.495735 -0.500000 
 -0.495735 -0.502500 
 -0.495735 -0.500000 
 -0.495735 -0.502500 
 -0.509133 -0.500000 
 -0.522532 -0.502500 
 -0.522532 -0.500000 
 -0.522532 -0.502500 
 -0.495735 -0.500000 
 